A010z 164.68 46.69 -106.22 0.090 0.972
A041z 164.68 46.70 -106.22 -0.000 0.979
A043z 164.69 46.68 -106.20 0.040 0.969
A045z 164.67 46.68 -106.24 0.065 0.967
A052z 164.69 46.70 -106.20 0.030 0.979
A056z 164.66 46.70 -106.25 0.072 0.977
A061z 164.68 46.71 -106.22 0.085 0.973
A063z 164.70 46.68 -106.19 0.064 0.949
A072z 164.70 46.70 -106.19 0.088 0.965
A074z 164.68 46.66 -106.22 -0.007 0.889
A076z 164.65 46.70 -106.26 0.095 0.971
A083z 164.71 46.67 -106.18 -0.053 0.971
A085z 164.65 46.67 -106.26 0.057 0.965
B110z 164.77 46.75 -106.09 -0.027 0.958
B142z 164.78 46.76 -106.07 -0.021 0.944
B144z 164.77 46.74 -106.09 0.031 0.956
B146z 164.76 46.76 -106.11 0.044 0.962
B151z 164.77 46.77 -106.09 0.067 0.959
B153z 164.79 46.74 -106.07 -0.001 0.930
B155z 164.76 46.74 -106.11 -0.029 0.964
B162z 164.79 46.76 -106.06 0.045 0.951
B164z 164.77 46.73 -106.09 -0.054 0.952
B166z 164.75 46.76 -106.12 0.015 0.952
B171z 164.77 46.78 -106.09 -0.001 0.948
B173z 164.79 46.74 -106.06 -0.023 0.953
B175z 164.75 46.74 -106.13 -0.002 0.956
B182z 164.80 46.77 -106.05 0.002 0.946
B184z 164.77 46.72 -106.09 -0.047 0.955
B186z 164.75 46.77 -106.13 0.040 0.960
B210z 164.72 46.63 -106.16 -0.217 0.935
B242z 164.73 46.64 -106.15 -0.201 0.926
B244z 164.72 46.62 -106.16 -0.254 0.938
B246z 164.70 46.64 -106.18 -0.080 0.941
B251z 164.72 46.65 -106.16 -0.210 0.947
B253z 164.73 46.63 -106.14 -0.160 0.925
B255z 164.70 46.62 -106.18 -0.152 0.945
B262z 164.74 46.65 -106.14 -0.192 0.927
B264z 164.72 46.61 -106.16 -0.306 0.919
B266z 164.70 46.64 -106.19 -0.080 0.949
B271z 164.72 46.66 -106.17 -0.121 0.963
B273z 164.74 46.62 -106.13 -0.300 0.908
B275z 164.69 46.62 -106.19 -0.135 0.940
B282z 164.74 46.65 -106.13 -0.170 0.941
B284z 164.72 46.60 -106.16 -0.312 0.931
B286z 164.69 46.65 -106.20 0.025 0.921
B310z 164.61 46.66 -106.32 -0.042 0.967
B342z 164.62 46.66 -106.30 -0.080 0.968
B344z 164.60 46.65 -106.33 -0.056 0.968
B346z 164.61 46.67 -106.33 0.001 0.964
B351z 164.62 46.67 -106.30 -0.058 0.971
B353z 164.62 46.64 -106.31 -0.114 0.950
B355z 164.59 46.66 -106.34 0.034 0.964
B362z 164.63 46.66 -106.28 -0.009 0.956
B364z 164.60 46.64 -106.34 -0.106 0.959
B366z 164.60 46.68 -106.33 -0.038 0.975
B371z 164.63 46.68 -106.30 -0.037 0.975
B373z 164.62 46.64 -106.30 -0.230 0.958
B375z 164.58 46.66 -106.36 0.061 0.965
B382z 164.64 46.66 -106.27 -0.040 0.969
B384z 164.59 46.63 -106.34 -0.040 0.956
B386z 164.60 46.69 -106.34 -0.012 0.967
B410z 164.67 46.77 -106.24 0.105 0.964
B442z 164.68 46.77 -106.22 0.126 0.967
B444z 164.66 46.76 -106.25 0.168 0.943
B446z 164.66 46.78 -106.26 0.067 0.968
B451z 164.68 46.79 -106.24 0.093 0.948
B453z 164.68 46.75 -106.23 0.087 0.963
B455z 164.65 46.76 -106.27 0.066 0.970
B462z 164.69 46.77 -106.21 0.103 0.956
B464z 164.66 46.75 -106.25 0.110 0.958
B466z 164.65 46.78 -106.27 0.032 0.941
B471z 164.68 46.79 -106.23 0.099 0.950
B473z 164.69 46.75 -106.22 0.092 0.964
B475z 164.64 46.76 -106.28 0.094 0.964
B482z 164.70 46.78 -106.20 0.150 0.971
B484z 164.66 46.74 -106.26 0.087 0.954
B486z 164.65 46.79 -106.27 0.095 0.950
C110z 164.75 46.84 -106.13 0.069 0.936
C142z 164.77 46.84 -106.11 0.048 0.942
C144z 164.75 46.83 -106.13 0.059 0.926
C146z 164.74 46.85 -106.14 0.012 0.936
C153z 164.76 46.83 -106.11 0.092 0.918
C155z 164.73 46.84 -106.15 0.036 0.931
C162z 164.77 46.84 -106.09 0.062 0.951
C164z 164.74 46.82 -106.14 0.069 0.942
C166z 164.74 46.86 -106.15 -0.034 0.930
C171z 164.76 46.87 -106.11 0.046 0.944
C173z 164.77 46.82 -106.10 0.052 0.968
C175z 164.73 46.83 -106.17 0.059 0.915
C182z 164.78 46.85 -106.08 0.011 0.933
C184z 164.74 46.81 -106.14 0.025 0.947
C186z 164.73 46.86 -106.16 0.055 0.928
C210z 164.82 46.67 -106.01 -0.116 0.947
C242z 164.83 46.68 -106.00 -0.237 0.934
C244z 164.82 46.66 -106.01 -0.110 0.932
C246z 164.81 46.68 -106.03 -0.106 0.939
C251z 164.82 46.69 -106.01 -0.198 0.918
C253z 164.84 46.66 -105.99 -0.259 0.920
C255z 164.81 46.66 -106.03 -0.182 0.947
C262z 164.84 46.68 -105.98 -0.179 0.938
C264z 164.82 46.65 -106.01 -0.196 0.925
C266z 164.80 46.68 -106.04 -0.131 0.958
C271z 164.82 46.70 -106.01 -0.211 0.919
C273z 164.84 46.66 -105.98 -0.319 0.912
C275z 164.81 46.65 -106.03 -0.158 0.959
C282z 164.85 46.69 -105.97 -0.203 0.932
C284z 164.82 46.64 -106.01 -0.195 0.927
C286z 164.80 46.69 -106.05 -0.132 0.949
C310z 164.65 46.57 -106.25 -0.241 0.944
C342z 164.66 46.58 -106.23 -0.213 0.920
C344z 164.65 46.56 -106.25 -0.256 0.953
C346z 164.64 46.58 -106.27 -0.259 0.929
C351z 164.66 46.59 -106.25 -0.191 0.925
C353z 164.67 46.56 -106.23 -0.223 0.918
C355z 164.63 46.57 -106.27 -0.299 0.938
C362z 164.67 46.58 -106.22 -0.256 0.922
C364z 164.65 46.55 -106.25 -0.276 0.953
C366z 164.64 46.59 -106.28 -0.291 0.921
C371z 164.66 46.60 -106.24 -0.180 0.943
C373z 164.67 46.56 -106.22 -0.234 0.902
C375z 164.63 46.56 -106.29 -0.263 0.947
C382z 164.68 46.59 -106.21 -0.179 0.927
C384z 164.65 46.54 -106.26 -0.265 0.954
C386z 164.63 46.59 -106.29 -0.262 0.941
C410z 164.58 46.74 -106.37 0.118 0.964
C441z 164.58 46.75 -106.37 0.128 0.954
C443z 164.59 46.73 -106.36 0.141 0.967
C445z 164.56 46.73 -106.39 0.113 0.951
C452z 164.59 46.74 -106.35 0.148 0.966
C454z 164.58 46.72 -106.37 0.162 0.963
C456z 164.56 46.74 -106.40 0.152 0.971
C461z 164.58 46.76 -106.37 0.182 0.951
C465z 164.56 46.72 -106.40 0.125 0.965
C472z 164.60 46.75 -106.34 -0.059 0.957
C474z 164.58 46.71 -106.37 0.115 0.958
C476z 164.55 46.75 -106.41 0.101 0.952
C481z 164.58 46.77 -106.37 0.099 0.926
C483z 164.60 46.72 -106.33 0.048 0.963
C485z 164.55 46.72 -106.41 0.078 0.961
D110z 164.92 46.84 -105.89 0.005 0.942
D141z 164.91 46.85 -105.89 0.010 0.936
D143z 164.93 46.84 -105.87 -0.090 0.927
D145z 164.91 46.83 -105.90 -0.022 0.935
D156z 164.90 46.85 -105.91 0.006 0.920
D161z 164.91 46.86 -105.90 -0.018 0.925
D163z 164.94 46.83 -105.86 -0.119 0.943
D165z 164.90 46.83 -105.91 -0.028 0.941
D172z 164.94 46.86 -105.86 -0.090 0.930
D174z 164.92 46.81 -105.88 -0.007 0.947
D176z 164.89 46.85 -105.93 0.018 0.949
D181z 164.91 46.87 -105.90 0.010 0.930
D183z 164.95 46.83 -105.84 -0.081 0.935
D185z 164.89 46.82 -105.92 -0.019 0.950
D223z 164.82 46.50 -106.00 -0.337 0.954
D226z 164.81 46.51 -106.02 -0.389 0.945
D242z 164.82 46.51 -105.99 -0.459 0.944
D244z 164.81 46.49 -106.01 -0.369 0.947
D246z 164.80 46.51 -106.03 -0.393 0.936
D251z 164.81 46.52 -106.01 -0.410 0.941
D253z 164.83 46.49 -105.99 -0.500 0.939
D255z 164.80 46.49 -106.03 -0.368 0.938
D262z 164.83 46.51 -105.98 -0.410 0.939
D264z 164.81 46.48 -106.01 -0.404 0.934
D266z 164.79 46.51 -106.04 -0.360 0.943
D271z 164.81 46.53 -106.01 -0.391 0.932
D273z 164.83 46.49 -105.98 -0.484 0.946
D282z 164.84 46.52 -105.97 -0.415 0.934
D284z 164.81 46.47 -106.01 -0.459 0.938
D286z 164.79 46.52 -106.05 -0.374 0.937
D310z 164.49 46.55 -106.48 -0.291 0.891
D342z 164.50 46.55 -106.46 -0.295 0.850
D344z 164.48 46.54 -106.49 -0.241 0.941
D346z 164.49 46.56 -106.49 -0.199 0.895
D351z 164.50 46.57 -106.47 -0.266 0.803
D353z 164.50 46.53 -106.47 -0.340 0.929
D355z 164.47 46.55 -106.51 -0.248 0.952
D362z 164.51 46.55 -106.45 -0.206 0.808
D364z 164.48 46.53 -106.50 -0.230 0.941
D366z 164.48 46.57 -106.50 -0.243 0.915
D371z 164.51 46.57 -106.46 -0.307 0.739
D373z 164.50 46.53 -106.46 -0.297 0.877
D375z 164.46 46.55 -106.52 -0.250 0.944
D382z 164.52 46.55 -106.44 -0.217 0.801
D386z 164.48 46.58 -106.50 -0.165 0.919
D410z 164.58 46.94 -106.38 -0.125 0.892
D441z 164.58 46.96 -106.38 -0.078 0.892
D443z 164.59 46.93 -106.37 -0.039 0.870
D445z 164.57 46.94 -106.40 -0.099 0.894
D452z 164.60 46.95 -106.36 -0.163 0.860
D454z 164.58 46.92 -106.39 -0.057 0.876
D456z 164.57 46.95 -106.40 -0.125 0.900
D461z 164.59 46.96 -106.38 -0.073 0.867
D463z 164.60 46.93 -106.36 -0.018 0.869
D465z 164.56 46.93 -106.41 -0.127 0.874
D472z 164.61 46.95 -106.35 -0.190 0.821
D474z 164.58 46.91 -106.39 -0.092 0.877
D476z 164.56 46.96 -106.41 -0.133 0.917
D481z 164.59 46.97 -106.38 -0.074 0.865
D483z 164.61 46.92 -106.35 -0.074 0.866
D485z 164.55 46.93 -106.43 -0.146 0.863
E110z 164.81 47.16 -106.06 -0.050 0.915
E141z 164.82 47.18 -106.06 -0.018 0.875
E143z 164.83 47.16 -106.04 -0.123 0.920
E145z 164.80 47.16 -106.07 -0.078 0.889
E152z 164.83 47.17 -106.03 -0.103 0.896
E154z 164.81 47.14 -106.06 -0.030 0.884
E156z 164.80 47.17 -106.08 -0.099 0.882
E161z 164.82 47.19 -106.06 -0.042 0.893
E163z 164.83 47.15 -106.03 -0.086 0.889
E165z 164.79 47.15 -106.08 -0.094 0.890
E172z 164.84 47.18 -106.02 -0.054 0.882
E174z 164.81 47.14 -106.06 -0.026 0.905
E176z 164.79 47.18 -106.09 -0.109 0.875
E181z 164.82 47.19 -106.06 -0.082 0.875
E183z 164.84 47.15 -106.02 -0.055 0.863
E185z 164.79 47.15 -106.10 -0.123 0.877
E210z 165.26 46.52 -105.36 -0.493 0.907
E242z 165.27 46.52 -105.34 -0.404 0.903
E244z 165.26 46.50 -105.37 -0.544 0.907
E246z 165.25 46.53 -105.38 -0.473 0.891
E251z 165.27 46.53 -105.35 -0.453 0.934
E253z 165.27 46.50 -105.34 -0.547 0.940
E255z 165.24 46.51 -105.39 -0.496 0.914
E262z 165.28 46.52 -105.33 -0.434 0.889
E264z 165.25 46.49 -105.37 -0.422 0.848
E266z 165.25 46.53 -105.38 -0.460 0.950
E271z 165.27 46.54 -105.35 -0.442 0.933
E273z 165.28 46.50 -105.34 -0.513 0.904
E275z 165.23 46.51 -105.40 -0.477 0.879
E284z 165.25 46.49 -105.38 -0.504 0.873
E286z 165.24 46.54 -105.39 -0.470 0.918
E310z 164.56 46.15 -106.33 -0.590 0.866
E321z 164.56 46.18 -106.34 -0.530 0.907
E323z 164.58 46.14 -106.30 -0.552 0.901
E325z 164.53 46.14 -106.37 -0.537 0.890
E332z 164.59 46.17 -106.30 -0.555 0.901
E334z 164.56 46.12 -106.33 -0.519 0.894
E336z 164.53 46.16 -106.37 -0.555 0.876
E341z 164.56 46.20 -106.34 -0.612 0.894
E343z 164.60 46.12 -106.27 -0.747 0.917
E345z 164.51 46.12 -106.40 -0.612 0.854
E352z 164.61 46.18 -106.26 -0.647 0.914
E354z 164.55 46.09 -106.33 -0.523 0.896
E356z 164.51 46.18 -106.41 -0.587 0.886
E361z 164.60 46.21 -106.28 -0.521 0.877
E362z 164.63 46.15 -106.23 -0.581 0.889
E363z 164.59 46.09 -106.28 -0.537 0.888
E364z 164.52 46.09 -106.38 -0.681 0.895
E365z 164.49 46.15 -106.44 -0.564 0.954
E373z 164.63 46.11 -106.23 -0.575 0.879
E375z 164.48 46.11 -106.44 -0.646 0.898
E382z 164.63 46.19 -106.23 -0.570 0.924
E384z 164.55 46.06 -106.33 -0.498 0.844
E386z 164.49 46.19 -106.44 -0.587 0.892
E410z 164.20 46.76 -106.92 -0.263 0.932
E441z 164.21 46.78 -106.91 -0.272 0.898
E443z 164.21 46.75 -106.91 -0.320 0.906
E445z 164.19 46.76 -106.94 -0.315 0.914
E452z 164.22 46.76 -106.89 -0.277 0.889
E454z 164.20 46.75 -106.93 -0.324 0.919
E456z 164.19 46.78 -106.93 -0.310 0.929
E461z 164.22 46.78 -106.91 -0.246 0.919
E463z 164.22 46.74 -106.90 -0.249 0.928
E465z 164.18 46.76 -106.95 -0.319 0.922
E472z 164.23 46.77 -106.88 -0.276 0.911
E474z 164.19 46.74 -106.93 -0.265 0.911
E476z 164.19 46.78 -106.94 -0.334 0.931
E481z 164.22 46.79 -106.90 -0.349 0.846
E483z 164.22 46.74 -106.89 -0.349 0.916
E485z 164.17 46.76 -106.96 -0.314 0.908
F110z 165.41 47.38 -105.18 -0.239 0.858
F141z 165.42 47.39 -105.18 -0.148 0.890
F143z 165.42 47.37 -105.17 -0.138 0.863
F145z 165.40 47.37 -105.20 -0.058 0.847
F152z 165.43 47.38 -105.16 -0.159 0.874
F154z 165.41 47.36 -105.19 -0.231 0.876
F156z 165.40 47.39 -105.20 -0.047 0.891
F161z 165.42 47.40 -105.18 -0.135 0.882
F163z 165.43 47.36 -105.16 -0.181 0.871
F165z 165.39 47.37 -105.22 -0.091 0.904
F172z 165.44 47.38 -105.15 -0.148 0.867
F174z 165.41 47.35 -105.19 -0.216 0.886
F176z 165.39 47.39 -105.21 -0.015 0.889
F181z 165.42 47.41 -105.17 -0.187 0.873
F183z 165.43 47.35 -105.15 -0.180 0.861
F185z 165.38 47.37 -105.23 -0.042 0.901
F210z 165.12 45.91 -105.48 -0.864 0.895
F241z 165.12 45.92 -105.49 -0.819 0.905
F243z 165.14 45.91 -105.46 -0.847 0.910
F245z 165.12 45.90 -105.50 -0.893 0.896
F252z 165.14 45.93 -105.47 -0.861 0.893
F254z 165.13 45.90 -105.47 -0.928 0.915
F256z 165.11 45.91 -105.51 -0.781 0.905
F261z 165.12 45.93 -105.49 -0.830 0.913
F263z 165.15 45.91 -105.45 -0.874 0.893
F265z 165.11 45.89 -105.50 -0.878 0.899
F272z 165.14 45.93 -105.46 -0.871 0.899
F274z 165.13 45.89 -105.47 -0.822 0.935
F281z 165.12 45.94 -105.50 -0.815 0.911
F283z 165.16 45.91 -105.44 -0.835 0.882
F310z 164.02 45.98 -107.08 -0.464 0.862
F341z 164.02 45.99 -107.09 -0.505 0.878
F343z 164.03 45.97 -107.07 -0.544 0.896
F345z 164.01 45.97 -107.10 -0.515 0.806
F352z 164.04 45.99 -107.06 -0.387 0.819
F354z 164.02 45.96 -107.08 -0.509 0.848
F356z 164.00 45.98 -107.11 -0.429 0.846
F361z 164.02 46.00 -107.09 -0.472 0.880
F363z 164.04 45.97 -107.05 -0.545 0.870
F365z 164.00 45.96 -107.11 -0.471 0.808
F372z 164.04 45.99 -107.05 -0.497 0.888
F374z 164.02 45.95 -107.08 -0.532 0.854
F376z 164.00 45.99 -107.12 -0.535 0.831
F381z 164.02 46.01 -107.09 -0.447 0.942
F383z 164.05 45.96 -107.04 -0.546 0.904
F385z 163.99 45.96 -107.12 -0.494 0.770
F410z 164.22 47.41 -106.95 -0.658 0.834
F442z 164.23 47.42 -106.93 -0.729 0.869
F444z 164.22 47.40 -106.94 -0.688 0.861
F446z 164.20 47.42 -106.96 -0.733 0.882
F451z 164.21 47.43 -106.95 -0.758 0.878
F453z 164.23 47.41 -106.92 -0.644 0.837
F455z 164.20 47.40 -106.97 -0.715 0.880
F462z 164.23 47.43 -106.92 -0.695 0.878
F464z 164.22 47.39 -106.94 -0.738 0.889
F466z 164.19 47.42 -106.98 -0.645 0.872
F471z 164.21 47.44 -106.95 -0.699 0.881
F473z 164.24 47.40 -106.91 -0.683 0.871
F475z 164.19 47.40 -106.98 -0.760 0.908
F482z 164.24 47.43 -106.91 -0.668 0.853
F484z 164.22 47.38 -106.94 -0.666 0.868
F486z 164.19 47.42 -106.99 -0.723 0.889
