N1000 60.4695 10.2999 0.4030
N1001 60.4836 10.3685 0.5290
N1002 60.4438 10.3690 0.4450
N1003 60.4332 10.2786 0.4250
N1004 60.4648 10.2358 0.3920
N1005 60.5098 10.2768 0.2900
N1100 60.6171 10.2497 0.2420
N1101 60.6371 10.3126 0.4010
N1102 60.5723 10.2572 0.5120
N1103 60.5911 10.1956 0.4290
N1104 60.6327 10.1863 0.3270
N1105 60.6537 10.2465 0.5340
N1200 60.7729 9.9845 0.6370
N1201 60.8008 10.0386 0.5800
N1202 60.7579 10.0509 0.6760
N1203 60.7314 10.0009 0.7130
N1204 60.7621 9.9070 0.7630
N1205 60.8106 9.9489 0.7050
N1300 61.0498 9.8861 0.9190
N1301 61.0945 9.8951 0.8920
N1302 61.0707 9.9593 0.8030
N1303 61.0281 9.9381 0.7350
N1304 61.0173 9.8493 0.6970
N1305 61.0469 9.8010 0.9760
N1400 61.1869 10.2729 0.4920
N1401 61.2249 10.3548 0.7250
N1402 61.1914 10.3780 0.5630
N1403 61.1527 10.3090 0.5100
N1404 61.1641 10.2146 0.8290
N1405 61.2037 10.2142 0.5070
NAO00 60.8237 10.8324 0.3790
NAO01 60.8442 10.8865 0.4260
NAO02 60.8057 10.8971 0.3620
NAO03 60.7881 10.8084 0.2230
NAO04 60.8105 10.7625 0.2970
NAO05 60.8507 10.8193 0.2900
NAO 60.8237 10.8324 0.3790
NB200 61.0397 11.2148 0.7170
NB201 61.0495 11.2939 0.6130
NB202 61.0069 11.2778 0.6470
NB203 61.0107 11.1677 0.7300
NB204 61.0498 11.1581 0.6700
NB205 61.0710 11.1977 0.6370
NB2 61.0397 11.2148 0.7170
NB300 60.9130 11.2696 0.5290
NB301 60.9522 11.2760 0.7310
NB302 60.9158 11.3309 0.4470
NB303 60.8770 11.3005 0.3450
NB304 60.8882 11.2211 0.4640
NB305 60.9249 11.2091 0.7000
NB400 60.6738 11.1881 0.2390
NB401 60.6891 11.2498 0.2140
NB402 60.6504 11.2506 0.2660
NB403 60.6401 11.1859 0.2530
NB404 60.6810 11.1259 0.1630
NB405 60.7086 11.1800 0.2420
NB500 60.6224 10.8369 0.4280
NB501 60.6591 10.8549 0.2310
NB502 60.6223 10.9277 0.3790
NB503 60.5888 10.8755 0.5530
NB504 60.5961 10.7794 0.4440
NB505 60.6322 10.7770 0.3750
NB600 60.7300 10.4589 0.6300
NB601 60.7554 10.5299 0.4470
NB602 60.7151 10.5227 0.5880
NB603 60.6986 10.4358 0.5050
NB604 60.7319 10.3905 0.4710
NB605 60.7725 10.4313 0.5540
NB700 60.9200 10.4658 0.7590
NB701 60.9415 10.5296 0.5060
NB702 60.8979 10.5222 0.6010
NB703 60.8851 10.4167 0.4510
NB704 60.9240 10.3935 0.7170
NB705 60.9530 10.4598 0.5640
NBO00 61.0307 10.7774 0.5290
NBO01 61.0616 10.7834 0.5960
NBO02 61.0492 10.8569 0.5210
NBO03 61.0129 10.8371 0.4290
NBO04 61.0119 10.7524 0.3980
NBO05 61.0597 10.7219 0.5530
NBO 61.0307 10.7777 0.5290
NC200 61.2807 10.8354 0.8470
NC201 61.2988 10.9138 1.0330
NC202 61.2545 10.9110 1.0540
NC203 61.2438 10.8318 0.7140
NC204 61.2759 10.7629 0.8510
NC205 61.3231 10.8227 0.9580
NC2 61.2807 10.8354 0.8470
NC300 61.2617 11.4141 0.3660
NC301 61.2762 11.4905 0.2900
NC302 61.2328 11.4726 0.3000
NC303 61.2251 11.3690 0.4010
NC304 61.2784 11.3320 0.3930
NC305 61.2979 11.4035 0.3120
NC3 61.2617 11.4141 0.3660
NC400 61.0791 11.7189 0.5220
NC401 61.0804 11.7994 0.5830
NC402 61.0446 11.7573 0.4500
NC403 61.0537 11.6683 0.3040
NC404 61.0982 11.6456 0.3320
NC405 61.1128 11.7153 0.4960
NC4 61.0791 11.7189 0.5220
NC500 60.9468 11.8004 0.4250
NC501 60.9772 11.8343 0.5250
NC502 60.9458 11.8843 0.4670
NC503 60.9075 11.7981 0.3500
NC504 60.9508 11.7259 0.3910
NC505 60.9816 11.7681 0.3540
NC600 60.7473 11.4584 0.3210
NC601 60.7746 11.5416 0.2480
NC602 60.7353 11.5414 0.3050
NC603 60.7050 11.4807 0.3400
NC604 60.7263 11.3956 0.3780
NC605 60.7770 11.4103 0.2420
NC611 60.7365 11.5368 0.2900
NC612 60.7353 11.5414 0.3050
NC613 60.7291 11.5377 0.3000
NC614 60.7318 11.5290 0.3150
NC615 60.7465 11.5331 0.2800
NC616 60.7353 11.5436 0.3000
NC6 60.7473 11.4584 0.3210
NC631 60.7377 11.5404 0.3000
NC632 60.7365 11.5396 0.3000
NC633 60.7336 11.5433 0.3000
NC634 60.7322 11.5371 0.3000
NC635 60.7351 11.5347 0.3000
NC636 60.7346 11.5390 0.3000
NC700 60.4553 11.4988 0.2210
NC701 60.4939 11.5137 0.2680
NC702 60.4419 11.5721 0.2240
NC703 60.4139 11.5290 0.1910
NC704 60.4206 11.4492 0.2070
NC705 60.4758 11.4272 0.2450
NC800 60.4756 11.0868 0.4800
NC801 60.5022 11.1568 0.2360
NC802 60.4461 11.1471 0.4580
NC803 60.4503 11.0287 0.3090
NC804 60.4961 11.0138 0.4410
NC805 60.5121 11.0872 0.5820
NC900 60.4094 10.6038 0.4780
NC901 60.4546 10.6397 0.6840
NC902 60.4084 10.6872 0.6650
NC903 60.3758 10.6548 0.5710
NC904 60.3968 10.5242 0.3390
NC905 60.4397 10.5589 0.4470
NCO00 61.3374 10.5854 0.9780
NCO01 61.3462 10.6344 0.9180
NCO02 61.3250 10.7137 0.7990
NCO03 61.3089 10.6335 0.9310
NCO04 61.3234 10.5183 0.9890
NCO05 61.3548 10.5434 0.9220
NOA 60.8237 10.8324 0.3790
NOA 61.0397 11.2148 0.7170
