N.AGWH 150.29 43.08 140.82 0.124 0.756
N.MRRH 150.62 42.41 141.00 0.201 0.728
N.CCNH 150.37 42.95 140.82 0.089 0.796
N.KYOH 150.47 42.98 140.62 0.056 0.755
N.RNKH 150.64 42.83 140.48 0.310 0.895
N.MKRH 150.50 42.76 140.81 0.136 0.867
N.KMBH 150.41 42.77 140.98 0.107 0.796
N.KMNH 150.79 42.61 140.48 -0.000 0.763
N.TURH 150.66 42.64 140.66 0.200 0.806
N.OHTH 150.44 42.65 141.06 0.214 0.872
N.SMMH 150.85 42.78 140.16 0.075 0.799
N.KAIH 151.20 41.84 140.63 0.578 0.858
N.SRUH 151.48 41.60 140.42 0.378 0.896
N.KHYH 151.15 42.49 139.97 -0.019 0.688
N.KUMH 151.37 42.13 140.00 0.368 0.789
N.ASBH 151.29 41.99 140.31 0.174 0.832
N.WNWH 148.40 45.25 141.63 0.530 0.528
N.WNEH 148.29 45.23 141.88 0.135 0.585
N.SFNH 148.09 45.33 142.12 -0.219 0.635
N.SFSH 148.11 45.22 142.23 -0.098 0.537
N.HNBH 148.32 45.02 142.08 0.218 0.660
N.TSOH 148.49 44.89 141.93 0.723 0.554
N.EBTH 148.72 44.64 141.82 1.973 0.245
N.BFNH 148.48 44.60 142.30 0.367 0.564
N.BFWH 148.58 44.47 142.27 0.431 0.326
N.BFEH 148.37 44.55 142.57 0.218 0.589
N.NYRH 148.53 44.44 142.41 0.483 0.542
N.SWWH 148.50 44.29 142.63 0.502 0.609
N.SWEH 148.41 44.32 142.77 0.291 0.557
N.HONH 148.77 44.28 142.16 0.454 0.510
N.HOCH 148.88 44.12 142.14 0.512 0.451
N.HOSH 148.97 44.00 142.13 1.949 0.416
N.OREH 148.99 44.10 141.96 0.045 0.397
N.ORWH 149.14 44.03 141.79 0.257 0.349
N.NUMH 149.19 43.82 141.94 0.033 0.352
N.FGNH 149.06 43.82 142.16 1.751 0.371
N.FGSH 149.19 43.69 142.08 0.058 0.462
N.OUMH 148.23 44.53 142.84 0.127 0.611
N.OPEH 148.11 44.38 143.24 0.133 0.714
N.OPWH 148.20 44.42 143.03 0.156 0.622
N.TUNH 148.32 44.19 143.08 0.208 0.661
N.TUSH 148.40 44.11 143.01 0.403 0.558
N.STKH 148.53 43.85 143.09 0.654 0.489
N.YBNH 148.00 44.21 143.62 0.224 0.757
N.SRMH 147.90 44.08 143.95 -0.018 0.609
N.RBSH 148.39 43.74 143.45 0.261 0.490
N.OKEH 148.42 43.64 143.51 0.022 0.487
N.BHRH 147.98 43.72 144.18 0.247 0.643
N.MMBH 147.86 43.91 144.19 -0.082 0.673
N.KMZH 147.74 43.86 144.46 0.507 0.421
N.SYNH 147.31 44.06 144.99 0.007 0.552
N.SYSH 147.50 43.93 144.81 0.233 0.640
N.STNH 147.45 43.79 145.02 0.123 0.558
N.STSH 147.55 43.68 144.96 2.646 1.160
N.NSTH 147.63 43.55 144.97 -0.243 0.497
N.BKWH 147.82 43.39 144.80 -0.060 0.675
N.BKEH 147.62 43.40 145.12 -0.198 0.508
N.ANNH 148.21 43.44 144.08 -0.022 0.557
N.ANSH 148.38 43.11 144.12 -0.406 0.737
N.SCNH 147.92 43.38 144.63 -0.164 0.753
N.SCSH 147.99 43.21 144.68 -0.618 0.680
N.TRWH 148.23 43.26 144.23 -0.181 0.776
N.TREH 148.14 43.22 144.43 -0.371 0.822
N.TRSH 148.25 43.14 144.33 -0.456 0.776
N.SNNH 148.49 43.16 143.89 -0.504 0.541
N.SNSH 148.54 42.99 143.98 -0.196 0.675
N.RKBH 148.42 43.47 143.68 0.007 0.524
N.AYEH 148.35 43.38 143.90 0.072 0.592
N.AYWH 148.69 43.27 143.43 0.053 0.461
N.HBTH 148.67 43.12 143.62 -0.268 0.476
N.SKSH 149.05 43.17 142.92 -0.097 0.361
N.MMRH 149.14 42.89 143.06 -0.175 0.701
N.TYRH 148.92 42.81 143.52 -0.156 0.471
N.TKIH 149.33 42.49 143.15 -0.289 0.504
N.FRNH 149.25 43.37 142.34 0.672 0.409
N.SMPH 149.28 43.04 142.66 -0.194 0.516
N.MSAH 149.59 43.23 141.90 0.139 0.557
N.TOBH 149.65 43.41 141.58 0.245 0.696
N.SSTH 149.74 43.22 141.65 0.265 0.736
N.BRWH 149.74 42.70 142.23 0.837 0.880
N.BREH 149.63 42.71 142.41 0.138 0.537
N.MBEH 149.73 42.59 142.35 0.834 0.846
N.KYMH 149.75 43.06 141.81 -0.137 0.335
N.SUGH 149.40 43.51 141.91 -0.073 0.358
N.YUBH 149.68 42.99 142.01 0.079 0.486
N.NCPH 149.62 42.60 142.54 0.407 0.797
N.SZNH 149.88 42.35 142.36 1.542 0.888
N.SOIH 150.33 42.56 141.35 0.186 0.712
N.CTSH 149.96 42.89 141.64 0.046 0.600
N.AMAH 149.98 42.65 141.86 0.360 0.778
N.OIWH 149.86 42.87 141.82 -0.145 0.465
N.HOBH 149.69 42.87 142.13 0.274 0.639
N.MBWH 149.97 42.51 142.04 1.083 0.761
N.BEEH 149.02 43.50 142.60 2.030 0.419
N.BEWH 149.13 43.51 142.39 0.069 0.424
N.NFRH 149.14 43.38 142.52 -0.002 0.534
N.HTBH 148.08 45.10 142.43 -0.228 0.696
N.ONPH 148.39 44.77 142.25 0.256 0.543
N.UNSH 148.22 44.74 142.60 0.079 0.660
N.NTBH 148.30 44.94 142.22 0.130 0.603
N.NAWH 148.57 44.66 142.05 0.422 0.316
N.TYTH 148.42 45.10 141.78 0.693 0.568
N.WNNH 148.11 45.49 141.88 0.206 0.574
N.WSMH 148.90 43.98 142.28 0.374 0.499
N.HNKH 147.74 43.21 145.12 2.023 0.713
N.SHZH 149.25 42.87 142.88 -0.001 0.334
N.SKNH 148.93 43.33 142.94 0.390 0.410
N.KKAH 148.71 43.85 142.77 0.580 0.498
N.SAMH 149.68 42.13 142.92 0.909 0.764
N.FBRH 150.30 43.23 140.62 -0.050 0.757
N.TOMH 150.48 43.05 140.50 0.060 0.767
N.TK2H 157.81 34.88 136.83 -0.786 0.459
N.KI2H 154.11 36.88 140.65 0.213 0.845
N.SSAH 154.82 35.72 140.50 0.430 0.540
N.OTNH 155.98 36.81 137.90 0.583 0.913
N.KHTH 156.37 36.67 137.42 0.123 0.909
N.OOMH 151.24 41.53 140.91 0.106 0.923
N.SAIH 151.35 41.40 140.86 -0.008 0.859
N.KUCH 151.38 41.23 140.99 0.098 0.691
N.FKUH 152.25 40.75 140.02 0.458 0.892
N.AJSH 152.07 40.76 140.31 0.576 0.884
N.KRIH 151.96 40.61 140.66 0.582 0.915
N.IKIH 152.14 40.62 140.35 0.789 0.793
N.NYAH 152.23 40.55 140.27 0.298 0.816
N.OWNH 152.10 40.48 140.56 0.563 0.933
N.AOMH 151.80 40.85 140.68 0.848 0.841
N.HKKH 156.11 36.64 137.86 0.552 0.599
N.OSTH 156.04 36.63 137.97 0.442 0.843
N.OMYH 156.20 36.47 137.87 0.560 0.767
N.CHHH 156.14 36.40 138.02 0.212 0.843
N.IIDH 156.69 35.45 138.01 0.519 0.922
N.HYMH 155.68 35.26 139.61 0.310 0.827
N.NHJH 151.54 40.86 141.10 0.194 0.912
N.RKSH 151.31 40.97 141.37 -0.034 0.800
N.TWEH 151.68 40.58 141.15 0.416 0.788
N.TWWH 151.78 40.58 141.00 0.204 0.813
N.SHGH 151.79 40.46 141.09 0.515 0.927
N.TTKH 151.94 40.30 141.01 0.341 0.814
N.NWAH 151.65 40.45 141.34 0.294 0.888
N.HHEH 151.50 40.58 141.45 0.289 0.742
N.FSTH 152.40 40.32 140.23 0.623 0.890
N.MSRH 152.61 38.70 141.42 0.094 0.834
N.KMSH 155.42 35.09 140.10 1.046 0.722
N.AC2H 156.86 35.48 137.73 0.223 0.760
N.TSRH 152.29 40.28 140.46 0.424 0.934
N.ODTH 152.20 40.30 140.58 0.437 0.919
N.KOSH 151.95 40.46 140.84 0.590 0.866
N.KZNH 152.20 40.06 140.81 0.616 0.922
N.ANIH 152.50 39.98 140.41 0.280 0.829
N.OGAH 152.91 39.96 139.76 0.526 0.891
N.GJOH 152.65 39.92 140.22 0.366 0.846
N.KWAH 152.68 39.69 140.41 0.057 0.797
N.NSNH 152.49 39.81 140.58 0.329 0.718
N.NSSH 152.59 39.66 140.57 0.323 0.825
N.NSBH 152.80 39.55 140.35 0.254 0.887
N.NSEH 152.63 39.56 140.61 0.375 0.896
N.YJMH 153.13 39.22 140.13 0.538 0.894
N.CHKH 153.10 39.07 140.32 0.215 0.815
N.OMRH 152.89 39.35 140.39 -0.052 0.832
N.YUZH 152.93 39.19 140.47 0.324 0.582
N.HNRH 152.79 39.17 140.71 0.348 0.828
N.OGCH 153.04 38.98 140.50 0.304 0.834
N.KRMH 151.61 40.27 141.57 -0.059 0.750
N.NHWH 151.86 40.26 141.17 0.605 0.822
N.NHEH 151.77 40.24 141.34 0.265 0.796
N.IHEH 151.96 40.08 141.19 0.501 0.883
N.KHEH 151.77 40.15 141.42 0.047 0.760
N.KJNH 151.48 40.27 141.78 -0.195 0.935
N.KJSH 151.63 40.09 141.71 -0.143 0.832
N.ASRH 152.07 40.14 140.95 0.502 0.880
N.KZMH 151.82 39.94 141.55 0.047 0.844
N.TMYH 151.99 39.83 141.38 0.343 0.818
N.SZKH 152.37 39.64 140.95 0.369 0.896
N.IWZH 151.83 39.80 141.65 0.064 0.796
N.TROH 151.71 39.74 141.91 0.201 0.834
N.KANH 151.96 39.64 141.60 0.152 0.772
N.KASH 152.01 39.46 141.68 0.299 0.805
N.YMDH 151.84 39.47 141.93 -0.092 0.785
N.YHBH 152.29 39.61 141.09 0.206 0.757
N.HMNH 152.45 39.46 141.00 0.239 0.818
N.HMSH 152.48 39.34 141.05 -0.971 0.392
N.TOUH 152.33 39.33 141.30 -0.031 0.809
N.KMIH 152.03 39.27 141.82 0.119 0.864
N.SMTH 152.36 39.18 141.39 0.148 0.907
N.KGSH 152.59 39.20 141.01 0.375 0.910
N.RZTH 152.35 39.03 141.53 0.207 0.864
N.ICEH 152.73 38.97 141.00 0.291 0.902
N.FSWH 152.56 38.87 141.35 0.106 0.815
N.YWTH 153.34 38.97 140.03 0.753 0.842
N.TCKH 153.55 38.64 140.01 0.548 0.915
N.TZWH 153.38 38.75 140.18 0.272 0.896
N.ASAH 153.81 38.47 139.76 0.390 0.851
N.FGTH 153.28 38.71 140.37 0.437 0.799
N.MGMH 153.16 38.71 140.55 0.324 0.839
N.NKWH 153.71 38.39 139.99 0.510 0.782
N.NKEH 153.60 38.43 140.12 0.383 0.809
N.TDOH 153.46 38.38 140.38 0.236 0.902
N.YGTH 153.61 38.27 140.26 0.568 0.904
N.KMYH 153.69 38.08 140.30 0.252 0.810
N.NYOH 153.77 38.10 140.16 0.190 0.758
N.THTH 153.83 37.96 140.18 0.220 0.853
N.YNZH 153.97 37.90 140.03 0.520 0.859
N.ONIH 154.06 37.99 139.80 0.216 0.850
N.KKWH 152.35 38.92 141.64 0.038 0.770
N.TOWH 152.62 38.79 141.33 0.315 0.672
N.NRKH 153.01 38.86 140.65 0.327 0.860
N.ONDH 153.09 38.58 140.78 0.258 0.896
N.TAJH 152.90 38.59 141.07 0.023 0.853
N.IWNH 153.31 38.11 140.84 -0.184 0.856
N.KWSH 153.41 38.18 140.64 0.312 0.869
N.SISH 153.53 38.01 140.60 0.143 0.739
N.YMMH 153.38 37.94 140.89 -0.209 0.731
N.ATKH 154.16 37.73 139.88 0.363 0.890
N.NAZH 154.25 37.76 139.72 0.229 0.880
N.TSTH 154.31 37.61 139.75 0.283 0.862
N.ATDH 154.36 37.45 139.81 0.394 0.892
N.INWH 154.02 37.65 140.17 0.474 0.754
N.TDMH 154.75 37.34 139.31 0.125 0.879
N.INAH 154.71 37.17 139.52 0.334 0.938
N.HMTH 154.90 37.01 139.38 0.343 0.848
N.SMGH 154.43 37.25 139.87 0.346 0.906
N.FKSH 153.82 37.76 140.38 -0.014 0.836
N.KMAH 153.73 37.66 140.60 0.005 0.832
N.MRUH 153.86 37.49 140.54 -0.040 0.767
N.KRYH 154.01 37.35 140.43 0.028 0.846
N.NNMH 154.19 37.28 140.21 0.093 0.855
N.YBKH 154.15 37.20 140.34 0.163 0.734
N.HTAH 153.99 37.22 140.57 0.081 0.880
N.NGUH 154.34 37.16 140.09 0.224 0.854
N.NMEH 153.56 37.49 140.99 0.116 0.707
N.MKJH 153.75 37.47 140.72 -0.064 0.827
N.IWWH 154.10 37.00 140.59 0.271 0.871
N.IWEH 153.82 37.03 140.97 0.018 0.604
N.KAKH 152.76 38.52 141.34 -0.089 0.810
N.HYKH 156.48 35.43 138.33 0.587 0.836
N.IW2H 152.79 39.01 140.86 0.224 0.830
N.KG3H 157.00 34.88 138.02 0.496 0.840
N.HT2H 156.11 35.04 139.17 -0.074 0.704
N.RIFH 153.11 38.34 140.96 -0.046 0.720
N.HQSH 156.30 35.80 138.30 0.208 0.957
N.HQNH 156.29 35.85 138.26 0.282 0.905
N.ATMH 157.81 34.62 137.04 0.714 0.896
N.ASHH 157.23 35.22 137.40 0.379 0.892
N.NUKH 157.47 34.92 137.30 1.104 0.241
N.TYHH 157.55 34.66 137.39 0.719 0.801
N.HOUH 157.20 35.00 137.62 0.444 0.756
N.HAZH 157.67 34.79 137.11 0.804 0.773
N.ANJH 157.63 34.93 137.06 0.771 0.775
N.KGIH 157.42 35.31 137.06 0.437 0.918
N.YOKH 158.00 34.98 136.46 1.251 0.750
N.OYMH 158.25 34.77 136.28 0.714 0.886
N.URSH 158.31 34.55 136.37 0.550 0.815
N.WATH 158.27 34.35 136.59 0.697 0.929
N.NEOH 157.52 35.63 136.61 0.526 0.796
N.NRSH 156.26 35.76 138.39 0.281 0.787
N.YMTH 157.17 35.83 136.96 0.412 0.832
N.KSGH 157.76 35.42 136.43 0.708 0.825
N.TKTH 157.48 35.50 136.79 0.461 0.914
N.SYKH 157.04 36.07 136.95 0.600 0.852
N.FRKH 156.77 36.24 137.20 0.448 0.852
N.INSH 157.27 34.83 137.66 0.447 0.843
N.ARIH 157.41 34.69 137.56 0.560 0.830
N.FKRH 157.12 34.79 137.90 0.259 0.827
N.SKUH 157.67 35.60 136.41 0.595 0.714
N.IWSH 154.74 36.37 140.14 0.256 0.827
N.TYOH 154.58 36.12 140.56 0.501 0.715
N.ISGH 154.98 36.11 139.99 -0.120 0.803
N.KYWH 154.92 36.88 139.45 0.455 0.749
N.KYEH 154.79 36.88 139.65 0.253 0.892
N.IICH 154.80 36.71 139.77 0.148 0.891
N.YITH 154.68 36.86 139.84 0.229 0.932
N.OTWH 154.55 36.86 140.02 0.470 0.819
N.BTOH 154.51 36.73 140.18 0.052 0.835
N.UJEH 154.67 36.70 139.98 0.388 0.866
N.EIHH 157.40 36.10 136.36 0.429 0.847
N.OTAH 157.69 35.95 136.06 0.213 0.921
N.IZUH 157.28 35.94 136.70 0.477 0.841
N.MIKH 158.05 35.56 135.87 0.688 0.898
N.TRGH 157.90 35.64 136.03 0.620 0.821
N.TKHH 158.34 35.49 135.48 0.529 0.946
N.OBMH 158.20 35.46 135.73 0.608 0.850
N.SUZH 155.94 37.53 137.28 0.373 0.885
N.YGDH 156.19 37.36 137.04 0.394 0.940
N.UCUH 156.08 37.35 137.24 0.221 0.877
N.TGIH 156.50 37.19 136.72 0.555 0.886
N.AMZH 156.32 37.22 136.97 0.358 0.834
N.SHKH 156.52 37.05 136.82 0.441 0.902
N.KNZH 156.97 36.52 136.64 0.646 0.371
N.TBTH 156.74 36.74 136.79 0.424 0.874
N.TBYH 155.21 36.24 139.54 -0.109 0.876
N.OKCH 157.07 36.27 136.72 1.000 0.884
N.HIMH 156.56 36.89 136.93 0.310 0.762
N.DMOH 156.59 36.71 137.04 0.751 0.866
N.TOYH 156.44 36.73 137.26 0.715 0.771
N.UOZH 156.27 36.79 137.47 0.242 0.736
N.IMIH 156.73 36.57 136.96 0.703 0.790
N.YTOH 156.60 36.57 137.16 0.529 0.844
N.TOGH 156.76 36.44 137.04 0.516 0.881
N.NKNH 155.71 36.74 138.38 0.031 0.955
N.MSTH 156.33 36.25 137.86 0.358 0.830
N.TKSH 156.06 36.29 138.25 0.046 0.791
N.KSOH 156.56 35.96 137.77 0.236 0.923
N.FMIH 156.23 35.92 138.31 0.253 0.844
N.MMKH 156.08 35.97 138.48 0.200 0.839
N.TKGH 156.74 35.51 137.88 0.032 0.905
N.NGRH 155.66 35.91 139.15 0.297 0.836
N.HRYH 157.03 35.31 137.63 0.367 0.814
N.JHKH 154.55 36.44 140.36 0.066 0.721
N.HMAH 157.67 35.28 136.70 1.124 0.630
N.UMYH 154.82 36.56 139.86 -0.065 0.816
N.AWNH 154.99 36.55 139.62 0.229 0.939
N.HGAH 154.68 36.55 140.08 0.049 0.822
N.TUMH 155.76 36.49 138.52 0.398 0.835
N.TAYH 155.43 36.62 138.91 0.261 0.893
N.TNEH 155.18 36.70 139.21 0.171 0.892
N.SMNH 155.77 36.24 138.73 0.124 0.728
N.TMOH 155.61 36.29 138.92 0.207 0.887
N.KIZH 155.60 36.15 139.05 0.171 0.821
N.KWTH 155.45 36.11 139.29 -0.146 0.679
N.AHIH 154.05 38.28 139.55 0.307 0.922
N.ARKH 154.22 38.13 139.43 0.499 0.732
N.SKWH 154.15 38.13 139.54 0.129 0.898
N.SROH 154.41 37.98 139.28 0.813 0.835
N.TWAH 154.46 37.67 139.46 0.175 0.870
N.KMKH 154.60 37.54 139.36 0.114 0.925
N.KMOH 154.73 37.65 139.07 0.410 0.939
N.MRMH 154.60 37.67 139.26 0.001 0.929
N.STDH 154.76 37.54 139.13 -0.002 0.916
N.NGOH 154.98 37.43 138.89 0.321 0.940
N.YNTH 155.04 37.22 138.98 -0.035 0.954
N.KWNH 155.22 37.17 138.74 0.602 0.943
N.MUIH 155.13 37.05 139.00 0.073 0.916
N.SZWH 155.23 37.03 138.85 -0.000 0.985
N.YZWH 155.40 36.81 138.78 0.330 0.904
N.MAKH 155.52 37.05 138.40 0.560 0.887
N.MKOH 155.67 36.94 138.26 0.764 0.873
N.IGWH 155.94 36.94 137.85 0.032 0.829
N.GNOH 158.12 34.82 136.42 1.005 0.912
N.MASH 158.22 34.54 136.50 0.678 0.888
N.SMAH 158.17 34.25 136.82 0.639 0.901
N.MGWH 158.45 34.36 136.33 0.589 0.909
N.OWSH 158.72 34.06 136.17 0.332 0.880
N.KHOH 159.01 33.76 136.00 0.414 0.891
N.TTNH 156.43 36.01 137.93 0.206 0.865
N.CHNH 156.29 35.95 138.18 0.111 0.791
N.KOKH 156.58 36.38 137.37 0.528 0.888
N.YOTH 157.18 35.49 137.25 0.037 0.804
N.KYSH 157.60 35.22 136.85 0.697 0.703
N.MKGH 155.83 36.86 138.10 0.674 0.925
N.KYTH 158.47 35.01 135.73 0.663 0.882
N.OSKH 158.79 34.72 135.52 0.456 0.751
N.KMMH 158.53 34.90 135.75 0.931 0.611
N.MISH 161.84 33.37 132.12 0.461 0.888
N.UUMH 159.73 34.46 134.32 0.611 0.918
N.IKWH 160.29 34.00 133.89 1.167 0.831
N.GSIH 160.63 33.53 133.82 0.897 0.831
N.MTYH 160.65 33.75 133.58 1.048 0.855
N.MROH 158.92 35.47 134.60 0.801 0.923
N.KWHH 159.22 35.39 134.20 0.741 0.893
N.SKGH 159.51 35.36 133.75 0.513 0.947
N.KSIH 159.85 35.52 133.02 0.519 0.914
N.KACH 160.05 35.34 132.90 0.340 0.925
N.OKMH 161.11 34.21 132.41 0.671 0.827
N.KRHH 161.11 34.12 132.51 0.748 0.859
N.YSHH 160.64 34.66 132.67 0.704 0.937
N.TGUH 160.97 34.57 132.23 0.874 0.881
N.HISH 160.98 34.41 132.39 0.679 0.912
N.HHIH 160.70 34.46 132.79 0.776 0.880
N.MKIH 159.96 34.27 134.15 0.840 0.842
N.OHCH 159.88 34.23 134.30 0.972 0.825
N.MYKH 160.71 34.19 133.06 0.739 0.902
N.OOZH 161.39 33.58 132.60 0.936 0.880
N.UWAH 161.55 33.43 132.51 0.864 0.789
N.TOKH 159.87 33.99 134.53 0.978 0.842
N.KNNH 160.22 33.66 134.32 0.895 0.752
N.TSSH 161.65 32.78 132.97 0.548 0.800
N.KHUH 160.54 33.67 133.82 1.119 0.770
N.INOH 160.88 33.53 133.44 0.904 0.857
N.MURH 160.54 33.29 134.16 0.703 0.868
N.KNHH 158.90 34.66 135.39 0.242 0.716
N.TJRH 159.13 34.40 135.28 0.238 0.722
N.TISH 158.80 34.52 135.66 0.423 0.874
N.KTNH 158.63 34.76 135.71 0.635 0.886
N.SSMH 159.44 33.56 135.55 0.474 0.867
N.NKTH 159.19 33.61 135.86 0.365 0.929
N.OTOH 159.32 33.69 135.60 0.497 0.818
N.KTDH 159.44 33.69 135.44 0.743 0.903
N.HRKH 159.42 33.98 135.21 0.539 0.894
N.HNZH 159.11 34.14 135.54 0.673 0.800
N.NKMH 159.26 34.13 135.32 0.701 0.905
N.NAGH 159.07 34.32 135.45 0.871 0.847
N.WKYH 159.34 34.29 135.07 0.869 0.892
N.MHRH 159.52 34.29 134.79 0.989 0.878
N.SSYH 158.73 35.07 135.28 0.561 0.929
N.KAMH 158.95 35.10 134.90 0.482 0.893
N.KKGH 159.19 34.82 134.81 0.526 0.819
N.YMSH 159.15 35.03 134.67 0.570 0.911
N.NKOH 159.28 35.07 134.42 0.808 0.892
N.HAGH 159.12 35.22 134.52 0.709 0.911
N.KMGH 159.45 34.90 134.33 0.665 0.921
N.AIOH 159.42 34.79 134.48 0.619 0.919
N.TJOH 158.96 34.91 135.08 0.487 0.838
N.SGRH 158.36 34.85 136.03 0.632 0.909
N.TAGH 157.92 35.24 136.36 1.039 0.687
N.OTUH 158.24 35.25 135.87 0.828 0.796
N.YZEH 158.47 34.64 136.05 0.356 0.838
N.HYSH 158.61 34.42 136.03 0.493 0.931
N.TKWH 159.13 33.97 135.65 0.632 0.881
N.TKEH 158.99 33.97 135.86 0.442 0.858
N.KAWH 158.71 34.29 136.00 0.402 0.917
N.KRTH 158.81 34.31 135.84 0.562 0.856
N.TAMH 159.98 34.51 133.89 0.681 0.924
N.SETH 159.71 34.75 134.07 0.730 0.880
N.OKYH 159.87 34.78 133.79 0.720 0.887
N.MABH 160.02 34.64 133.69 0.728 0.879
N.MIHH 160.61 34.37 133.02 0.729 0.938
N.DWAH 160.55 34.55 132.95 0.819 0.888
N.INMH 159.51 33.83 135.22 0.737 0.887
N.HNOH 158.15 34.96 136.26 0.982 0.841
N.SNTH 158.83 35.29 134.91 0.551 0.883
N.SGUH 159.29 34.93 134.54 0.661 0.932
N.CHZH 159.29 35.26 134.22 0.752 0.936
N.HINH 159.82 35.23 133.39 0.326 0.907
N.MZKH 159.68 35.36 133.49 0.421 0.791
N.AKSH 159.52 35.47 133.63 0.499 0.887
N.HKTH 159.86 35.30 133.26 0.333 0.803
N.NITH 160.01 35.22 133.09 0.442 0.823
N.SDAH 160.23 35.22 132.72 0.328 0.850
N.OOCH 160.44 35.09 132.53 0.093 0.834
N.HSMH 160.52 34.87 132.64 0.145 0.838
N.IWAH 160.65 34.88 132.42 -0.077 0.918
N.KNGH 160.78 34.88 132.20 -0.010 0.936
N.MITH 161.00 34.69 132.04 0.404 0.878
N.HIKH 161.10 34.57 132.01 0.934 0.887
N.MHSH 159.66 35.56 133.30 0.877 0.834
N.HIRH 160.05 35.43 132.80 0.427 0.954
N.YSDH 160.19 35.16 132.86 0.208 0.820
N.GOTH 160.63 35.01 132.31 -0.094 0.866
N.MICH 161.30 34.39 131.89 0.545 0.605
N.TKBH 159.77 34.87 133.85 0.694 0.867
N.BSEH 160.10 34.68 133.53 0.789 0.888
N.SGOH 159.99 35.05 133.32 0.432 0.822
N.TTAH 160.02 34.91 133.41 0.953 0.775
N.YBRH 159.68 35.18 133.68 0.591 0.932
N.KSBH 159.46 35.28 133.93 0.628 0.864
N.SYOH 159.47 35.07 134.12 0.749 0.907
N.OHAH 159.33 35.10 134.32 0.793 0.892
N.HNSH 159.59 34.73 134.27 0.720 0.901
N.HKBH 159.87 34.94 133.62 0.782 0.910
N.MIGH 160.45 34.52 133.14 0.821 0.883
N.NMKH 160.40 34.38 133.35 0.834 0.803
N.KNBH 160.25 34.56 133.42 0.909 0.895
N.KTWH 160.33 34.91 132.91 0.631 0.649
N.KURH 160.91 34.29 132.64 0.693 0.861
N.SKIH 161.14 34.39 132.16 0.675 0.921
N.KSAH 160.44 34.70 132.95 0.894 0.909
N.GEIH 160.76 34.75 132.38 0.368 0.943
N.HWSH 160.03 33.78 134.50 0.880 0.818
N.SADH 160.15 34.01 134.09 1.058 0.765
N.KYDH 160.21 33.88 134.13 0.919 0.743
N.AYKH 160.12 34.22 133.95 0.922 0.806
N.MNOH 160.29 34.20 133.71 0.800 0.891
N.TSMH 161.76 33.06 132.56 0.769 0.899
N.SJOH 160.84 33.87 133.18 0.897 0.890
N.SINH 160.50 33.92 133.65 1.035 0.779
N.TBRH 160.89 33.90 133.07 0.952 0.902
N.TBEH 161.18 33.71 132.80 0.854 0.906
N.HIYH 161.42 33.33 132.80 0.927 0.879
N.KWBH 161.35 33.50 132.75 1.098 0.887
N.KTGH 160.42 33.54 134.12 0.933 0.765
N.GHKH 160.82 33.71 133.36 0.864 0.818
N.TSYH 161.34 33.27 132.99 0.956 0.869
N.OOTH 161.79 32.84 132.71 0.705 0.856
N.IKKH 161.00 33.65 133.14 0.980 0.897
N.NAKH 161.48 33.08 132.95 0.837 0.869
N.KMEH 158.61 35.05 135.48 0.609 0.897
N.TRIH 158.64 34.58 135.85 0.506 0.940
N.NDGH 158.55 35.52 135.12 0.649 0.939
N.INEH 158.35 35.71 135.25 0.742 0.870
N.FKCH 158.68 35.31 135.13 0.697 0.865
N.MYMH 158.43 35.27 135.55 0.601 0.867
N.YNDH 161.16 33.54 133.00 0.989 0.878
N.KSMH 158.78 35.62 134.66 0.682 0.942
N.IZSH 158.76 35.46 134.86 0.620 0.902
N.IAMH 159.01 35.57 134.34 0.658 0.895
N.JNSH 160.23 34.82 133.17 0.886 0.888
N.HRSH 160.85 34.58 132.43 0.663 0.937
N.IKTH 161.65 33.47 132.31 0.731 0.823
N.SSKH 161.06 33.39 133.29 0.839 0.889
N.AMNH 158.51 35.68 135.03 0.617 0.926
N.ATYH 156.25 36.30 137.94 0.583 0.908
N.AAKH 156.23 36.37 137.92 0.479 0.831
N.MWDH 156.32 36.21 137.91 0.718 0.673
N.WMZH 156.41 37.29 136.76 0.649 0.896
N.HOFH 161.73 34.05 131.56 -0.502 0.892
N.MNEH 161.94 34.11 131.14 0.046 0.862
N.IKNH 161.29 34.19 132.13 0.635 0.884
N.SYTH 161.44 34.03 132.06 0.430 0.905
N.MKWH 161.37 34.20 131.99 0.369 0.877
N.TKJH 161.55 34.21 131.69 -0.200 0.838
N.UBEH 161.93 33.99 131.30 -0.206 0.835
N.KIKH 162.00 34.11 131.05 0.259 0.877
N.TYUH 162.05 34.13 130.93 0.310 0.920
N.TMGH 161.27 34.63 131.67 0.233 0.936
N.MTMH 161.39 34.48 131.63 0.329 0.912
N.MTOH 161.74 34.22 131.36 -0.249 0.859
N.NGTH 161.76 34.34 131.18 -0.066 0.810
N.KKYH 162.20 33.89 130.98 -0.079 0.934
N.WKMH 162.56 33.70 130.60 0.322 0.804
N.UMIH 162.68 33.56 130.55 0.231 0.931
N.KAHH 162.57 33.55 130.75 0.180 0.946
N.SGWH 162.46 33.53 130.95 -0.035 0.916
N.BZNH 162.31 33.59 131.13 -0.421 0.893
N.TARH 162.76 33.37 130.64 0.216 0.905
N.KIWH 162.58 33.47 130.83 0.268 0.939
N.CZEH 163.11 33.51 129.89 0.017 0.946
N.IMRH 163.29 33.27 129.88 0.389 0.936
N.FJIH 162.98 33.41 130.23 0.143 0.764
N.HSFH 162.91 33.37 130.40 0.412 0.802
N.SRIH 163.21 33.18 130.10 0.641 0.923
N.HRDH 163.59 33.21 129.44 0.582 0.824
N.SBNH 163.39 33.21 129.77 0.706 0.845
N.SBSH 163.43 33.13 129.81 0.653 0.941
N.KKIH 163.55 32.96 129.80 0.501 0.828
N.TKKH 163.38 32.91 130.14 0.296 0.942
N.NGSH 163.70 32.70 129.86 0.292 0.888
N.KHKH 162.91 33.11 130.69 0.080 0.834
N.OGNH 162.67 33.12 131.06 -0.238 0.819
N.KKCH 162.90 33.00 130.83 0.111 0.830
N.ASVH 162.81 32.95 131.02 -0.134 0.716
N.NMNH 162.68 32.96 131.22 -0.284 0.885
N.HKSH 162.85 32.81 131.10 -0.266 0.855
N.MSMH 163.32 32.62 130.56 -0.225 0.931
N.YABH 163.01 32.65 131.03 -0.248 0.822
N.IZMH 163.19 32.49 130.90 -0.115 0.812
N.SNWH 163.76 32.32 130.18 -0.108 0.792
N.ASKH 163.53 32.29 130.58 0.079 0.819
N.HYOH 163.48 32.21 130.74 -0.099 0.854
N.UWEH 163.36 32.22 130.91 0.493 0.576
N.YGNH 162.49 33.41 131.03 -0.224 0.753
N.YMGH 162.21 33.46 131.44 -0.461 0.919
N.AKIH 162.04 33.47 131.69 -0.373 0.693
N.SNIH 162.48 33.13 131.35 -0.161 0.870
N.NTHH 162.35 33.15 131.54 -0.448 0.940
N.TAKH 162.56 32.97 131.40 -0.530 0.771
N.MIEH 162.43 32.99 131.59 -0.245 0.871
N.UMWH 162.56 32.84 131.54 -0.178 0.712
N.UMEH 162.46 32.85 131.68 0.179 0.802
N.SIKH 162.28 32.93 131.87 0.405 0.881
N.GKSH 162.87 32.65 131.23 -0.323 0.785
N.KIGH 162.55 32.70 131.68 0.461 0.807
N.SBAH 163.07 32.48 131.10 -0.012 0.827
N.MRTH 162.89 32.52 131.33 0.283 0.802
N.NANH 163.05 32.35 131.27 0.123 0.870
N.TGOH 162.91 32.36 131.46 0.516 0.764
N.NRAH 163.19 32.20 131.19 0.049 0.821
N.KWMH 162.96 32.21 131.53 0.274 0.776
N.SUKH 163.37 32.04 131.06 0.117 0.923
N.KTMH 163.24 32.02 131.29 0.561 0.906
N.SDWH 163.12 32.02 131.47 0.944 0.676
N.MJNH 163.56 31.86 130.95 0.242 0.773
N.MJSH 163.56 31.73 131.08 0.337 0.808
N.NCNH 163.48 31.56 131.35 1.206 0.831
N.NSMH 163.91 32.16 130.12 0.301 0.819
N.AKNH 163.96 31.99 130.21 0.413 0.773
N.MYJH 163.82 31.98 130.44 0.062 0.788
N.SENH 163.96 31.84 130.36 0.262 0.670
N.KDIH 163.85 31.87 130.50 0.189 0.759
N.KORH 163.99 31.70 130.46 0.080 0.683
N.AIRH 163.88 31.71 130.61 0.133 0.775
N.OSUH 163.72 31.56 131.00 0.313 0.775
N.CRNH 164.21 31.37 130.43 0.006 0.719
N.YKWH 164.19 31.21 130.62 0.765 0.857
N.SATH 164.21 31.09 130.70 0.188 0.748
N.GENH 162.48 33.85 130.54 0.690 0.707
N.UCNH 163.84 31.26 131.09 0.798 0.759
N.TYNH 163.19 32.63 130.75 -0.129 0.871
N.MMTH 163.74 32.17 130.36 0.041 0.918
N.HYGH 162.82 32.37 131.59 0.014 0.352
N.HGIH 161.60 34.40 131.38 0.037 0.875
N.TKUH 161.63 33.97 131.81 -0.331 0.824
N.KNSH 161.55 33.83 132.10 0.408 0.879
N.TOHH 161.29 33.93 132.40 0.752 0.867
N.UKHH 162.71 33.29 130.82 0.133 0.920
N.KKEH 162.47 33.28 131.21 -0.234 0.794
N.MSIH 163.04 32.80 130.82 -0.125 0.860
N.TMNH 163.07 32.99 130.56 0.132 0.946
N.NOBH 162.66 32.51 131.70 0.173 0.776
N.KYAH 163.92 31.40 130.85 0.209 0.846
N.MAZH 156.41 36.19 137.80 0.575 0.842
N.AHMH 156.33 36.31 137.81 0.502 0.800
N.MNYH 156.27 36.20 138.01 0.429 0.892
N.MANH 156.20 36.31 138.02 0.279 0.927
N.SNBH 156.11 36.55 137.94 0.552 0.956
N.HSNH 154.88 35.59 140.51 0.359 0.448
N.YSTH 154.75 36.26 140.20 0.218 0.801
N.ASOH 155.05 36.63 139.46 0.291 0.948
N.CHSH 154.58 35.71 140.85 0.834 0.626
N.KTUH 155.26 35.18 140.27 0.670 0.738
N.IWKH 155.58 35.10 139.87 0.742 0.801
N.KHZH 156.55 34.20 139.14 1.488 0.168
N.MKEH 156.33 34.11 139.51 -0.626 0.669
N.HCJH 156.56 33.08 139.84 -0.315 0.651
N.AKWH 155.75 35.52 139.31 0.037 0.806
N.YMKH 155.95 35.49 139.06 -0.039 0.786
N.KRKH 155.93 35.44 139.12 -0.015 0.763
N.MNZH 156.06 35.15 139.15 0.061 0.771
N.ASGH 156.06 35.32 139.02 0.264 0.710
N.HRTH 155.86 35.32 139.31 0.128 0.755
N.ASYH 156.34 35.64 138.37 0.295 0.854
N.ENZH 155.99 35.74 138.80 0.205 0.867
N.SMBH 156.38 35.42 138.48 0.378 0.879
N.TR2H 156.06 35.52 138.88 0.023 0.820
N.GERH 157.01 35.73 137.30 0.159 0.891
N.KSHH 157.21 35.26 137.41 0.276 0.908
N.NRYH 156.24 35.06 138.96 -0.246 0.782
N.ITOH 156.17 34.95 139.14 -0.216 0.757
N.JIZH 156.29 34.92 138.99 0.065 0.804
N.HD2H 156.40 34.97 138.80 0.066 0.870
N.SMDH 156.43 34.74 138.93 -0.185 0.619
N.SSNH 156.24 35.27 138.81 0.617 0.815
N.NMZH 156.27 35.16 138.84 0.155 0.773
N.SIZH 156.66 35.11 138.33 0.556 0.886
N.OKBH 156.79 34.95 138.25 0.349 0.802
N.KMTH 156.78 35.03 138.21 0.551 0.827
N.HTNH 156.64 35.30 138.21 0.542 0.930
N.SUMH 156.76 35.17 138.12 0.497 0.842
N.TNRH 157.07 34.91 137.88 -0.431 0.721
N.MKBH 157.39 34.80 137.51 0.694 0.799
N.TOEH 157.09 35.08 137.72 0.451 0.892
N.ABNH 157.67 34.63 137.23 0.803 0.882
N.KF2H 156.15 35.74 138.57 0.278 0.860
N.SSGH 156.28 36.02 138.14 0.095 0.952
N.SUYH 156.36 35.98 138.06 0.248 0.907
N.TONH 156.37 36.05 137.99 0.397 0.745
N.TBSH 154.96 35.98 140.10 0.151 0.655
N.MDRH 155.22 36.49 139.32 0.235 0.921
N.ATGH 155.79 35.40 139.35 -0.067 0.680
N.CBAH 155.09 35.55 140.24 0.728 0.532
N.CKRH 155.59 34.97 139.95 0.499 0.683
N.EDSH 154.82 35.95 140.33 0.575 0.835
N.FCHH 155.58 35.65 139.47 -0.373 0.633
N.FUTH 155.47 35.34 139.86 0.198 0.419
N.HDKH 155.51 35.90 139.38 -0.019 0.615
N.HHRH 155.80 35.74 139.07 0.043 0.803
N.HRNH 155.56 36.46 138.85 0.200 0.849
N.ICHH 155.21 35.40 140.17 1.640 0.689
N.ISSH 155.42 36.31 139.18 -0.466 0.456
N.IWTH 155.25 35.93 139.73 -0.306 0.557
N.KGNH 156.55 35.76 137.97 0.032 0.931
N.KOTH 155.36 35.61 139.81 -0.044 0.681
N.MOKH 154.82 36.45 139.95 -0.184 0.759
N.MORH 155.05 35.95 140.00 0.233 0.413
N.MOTH 154.59 36.56 140.21 0.072 0.837
N.NJMH 156.34 34.42 139.28 0.024 0.624
N.NMTH 154.44 36.37 140.58 0.077 0.472
N.NRTH 154.91 35.83 140.30 0.894 0.803
N.NSHH 156.06 35.69 138.73 0.090 0.836
N.ODWH 156.04 35.25 139.10 -0.043 0.778
N.OHRH 155.05 36.36 139.69 0.105 0.905
N.OMCH 156.28 36.49 137.72 0.463 0.797
N.SDMH 156.08 35.87 138.57 0.433 0.842
N.SHMH 155.12 35.80 140.02 -1.219 0.632
N.SSWH 156.24 36.11 138.13 0.296 0.754
N.ST1H 155.79 34.60 139.92 -1.676 0.564
N.ST2H 155.78 34.74 139.84 1.985 0.494
N.ST3H 155.89 34.80 139.64 -0.030 0.571
N.ST4H 155.90 34.89 139.57 -0.701 0.506
N.ST5H 155.98 34.94 139.42 -1.071 0.565
N.ST6H 155.93 35.10 139.38 1.209 0.451
N.HA2H 154.60 35.83 140.73 0.953 0.569
N.FJ2H 154.70 36.99 139.69 0.277 0.861
N.KKKH 156.24 35.53 138.60 0.389 0.830
N.MYTH 155.87 36.33 138.50 0.047 0.372
N.KNAH 155.69 36.14 138.91 0.400 0.691
N.MN2H 155.19 36.86 139.06 0.266 0.859
N.YKSH 155.99 35.36 139.09 -2.301 0.428
N.KT2H 155.21 35.17 140.34 0.621 0.676
N.HBAH 156.08 36.70 137.85 0.455 0.671
N.TSKH 154.85 36.21 140.09 0.098 0.831
N.KMWH 155.49 35.14 139.96 0.227 0.654
N.TKRH 155.45 35.80 139.54 0.231 0.459
N.TRUH 156.02 35.51 138.94 -0.164 0.846
N.YFTH 155.62 35.37 139.62 0.831 0.566
N.YKHH 155.62 35.50 139.52 -0.211 0.375
N.YMIH 155.39 36.05 139.44 -0.316 0.748
N.YROH 155.29 35.29 140.15 0.458 0.555
N.YSKH 155.65 35.21 139.70 0.559 0.713
N.DGOH 154.36 36.84 140.32 0.096 0.859
N.THGH 154.21 36.80 140.57 0.149 0.819
N.JUOH 154.29 36.69 140.55 0.191 0.849
N.GZNH 154.53 36.56 140.30 0.096 0.800
N.YMAH 154.42 36.64 140.40 0.002 0.870
N.OGOH 155.72 36.03 138.97 0.516 0.860
N.MNAH 155.61 36.07 139.10 0.298 0.747
N.TOIH 155.57 36.00 139.22 0.244 0.834
N.HHNH 155.60 35.86 139.27 0.324 0.849
N.CH2H 154.59 35.73 140.82 1.014 0.495
N.TY2H 155.71 34.96 139.79 0.185 0.758
N.HOJH 155.71 35.67 139.26 0.023 0.794
N.HH2H 155.79 35.70 139.13 0.069 0.846
N.FJOH 155.82 35.64 139.13 0.051 0.844
N.YM2H 156.00 35.42 139.04 0.058 0.804
N.MTDH 155.97 35.37 139.13 0.136 0.756
N.KIYH 155.85 35.46 139.21 -0.104 0.824
N.HYNH 156.44 35.54 138.31 0.474 0.829
N.OOKH 155.93 35.62 138.98 0.130 0.839
N.MSFH 156.33 35.56 138.45 0.712 0.837
N.MBUH 156.46 35.35 138.42 0.883 0.854
N.HMMH 157.30 34.67 137.74 0.392 0.789
N.SONH 156.64 35.31 138.20 0.545 0.921
N.MS2H 156.88 35.22 137.92 0.449 0.850
N.KNEH 156.92 34.94 138.08 0.450 0.886
N.TT2H 157.05 35.01 137.84 0.401 0.904
N.SOSH 156.69 35.01 138.35 0.445 0.917
N.SZUH 156.58 35.13 138.42 0.589 0.859
N.ITHH 156.21 34.95 139.09 -0.129 0.817
N.FJEH 156.85 34.91 138.20 0.356 0.795
N.SBKH 156.44 35.20 138.57 0.614 0.830
N.KNIH 156.22 35.09 138.98 -0.030 0.796
N.NS2H 156.51 34.80 138.77 0.038 0.788
N.KWZH 156.38 34.78 138.97 -0.032 0.687
N.MIZH 156.53 34.67 138.83 0.056 0.716
N.SAKH 155.94 36.14 138.55 -0.069 0.906
N.KADH 156.70 35.93 137.59 0.379 0.892
N.KWKH 156.01 35.97 138.58 0.288 0.787
N.AGMH 156.70 35.79 137.72 0.163 0.852
N.INHH 156.53 35.83 137.92 0.234 0.901
N.HSEH 156.45 35.79 138.08 0.144 0.927
N.NGIH 156.87 35.61 137.61 -0.034 0.829
N.MTKH 156.69 35.62 137.88 0.209 0.913
N.MSNH 156.83 35.30 137.93 0.422 0.874
N.SRWH 156.95 36.27 136.90 0.751 0.782
N.KTRH 156.56 36.25 137.52 0.682 0.872
N.TMAH 156.82 36.13 137.22 0.578 0.889
N.ASNH 156.77 36.09 137.34 0.577 0.861
N.TSUH 157.16 35.95 136.87 0.517 0.928
N.MZEH 157.01 35.90 137.15 0.356 0.835
N.ASSH 156.78 36.02 137.39 0.594 0.909
N.GR2H 157.00 35.80 137.25 0.265 0.869
N.MNMH 157.27 35.67 136.96 0.291 0.862
N.KAYH 157.17 35.67 137.11 0.180 0.870
N.ITDH 157.35 35.72 136.78 0.415 0.899
N.HSKH 157.05 35.64 137.32 0.016 0.835
N.TNMH 157.59 35.52 136.61 0.630 0.868
N.KMHH 157.47 35.41 136.88 0.435 0.902
N.MKMH 157.37 35.45 137.00 0.338 0.920
N.NTGH 157.05 35.46 137.47 0.008 0.887
N.KIDH 157.81 35.30 136.47 0.803 0.814
N.NGKH 157.49 35.18 137.05 0.566 0.883
N.ASUH 157.32 35.14 137.34 0.490 0.937
N.STRH 157.18 35.15 137.53 0.377 0.843
N.TYEH 157.03 35.18 137.73 0.438 0.842
N.OKZH 157.49 34.96 137.24 0.732 0.837
N.TDEH 157.37 34.95 137.41 0.804 0.812
N.SSRH 157.35 34.90 137.49 0.688 0.856
N.MCTH 157.82 34.74 136.94 1.102 0.741
N.THNH 157.45 34.79 137.44 0.788 0.790
N.KMDH 156.02 36.47 138.15 -0.194 0.835
N.SSSH 156.02 36.58 138.05 0.432 0.919
N.TGKH 155.92 36.71 138.10 0.618 0.871
N.NZWH 155.57 36.91 138.44 0.236 0.837
N.NGWH 156.56 36.06 137.68 0.413 0.837
N.SOJH 156.36 36.12 137.94 0.497 0.911
N.MMOH 156.25 36.26 137.99 0.391 0.857
N.IKSH 156.15 36.46 137.96 0.403 0.892
N.OM2H 156.20 36.53 137.82 0.301 0.830
N.HOTH 156.29 36.38 137.82 0.319 0.822
N.KGRH 154.76 36.09 140.31 0.490 0.673
N.HTKH 154.41 36.36 140.62 0.033 0.693
N.TU2H 156.00 35.51 138.97 -0.071 0.860
N.SZJH 156.32 34.98 138.91 0.097 0.764
