PcP   101  0.0036 -0.0125  0.0055 -0.0100  2.0  7.0s
PcP   102 -0.0121 -0.0089 -0.0105 -0.0095  0.0  3.0s
PcP   104 -0.0077 -0.0071 -0.0075 -0.0070 -1.0  2.0s
PcP   105 -0.0285 -0.0025 -0.0275 -0.0020 -2.0  0.5s
PcP   106 -0.0025  0.0053 -0.0015  0.0060  5.0  7.0s
PcP   107  0.0051 -0.0143  0.0065 -0.0165 -0.5  2.0s
PcP   108 -0.0285 -0.0023 -0.0265 -0.0035 -2.0  1.0s
PcP   109  0.0012 -0.0083  0.0050 -0.0065  0.0  2.0s
PcP   110  0.0003 -0.0056  0.0030 -0.0030  0.5  2.5s
PcP   111  0.0070  0.0143  0.0070  0.0140  1.5  3.5s
PcP   112 -0.0249 -0.0228 -0.0225 -0.0235  1.5  3.5s
PcP   113 -0.0081 -0.0295 -0.0060 -0.0310 -2.0  2.0s
PcP   114  0.0034 -0.0121  0.0070 -0.0105  2.0  8.0s
PcP   115  0.0193  0.0171  0.0175  0.0175  2.0  8.0s
PcP   116  0.0074  0.0157  0.0075  0.0155  0.0 10.0s
PcP   117  0.0079  0.0159  0.0080  0.0155  8.0 15.0s
PcP   118 -0.0116 -0.0299 -0.0095 -0.0310 -4.0  3.0s
PcP   119 -0.0269 -0.0202 -0.0270 -0.0195  0.0  5.0s
PcP   120 -0.0125 -0.0225 -0.0105 -0.0240  2.0 10.0s
ScP   101  0.0046 -0.0160  0.0050 -0.0155  3.0  8.0s
ScP   102 -0.0155 -0.0114 -0.0155 -0.0125 -3.5  0.5s
ScP   103  0.0045  0.0132  0.0060  0.0125 -2.0  1.0s
ScP   105 -0.0348 -0.0031 -0.0305 -0.0030  0.5  2.0s
ScP   106 -0.0037  0.0068 -0.0025  0.0075  6.5  9.0s
ScP   107  0.0065 -0.0182  0.0075 -0.0185 -3.5 -1.0s
ScP   108 -0.0347 -0.0029 -0.0360 -0.0025 -3.0  0.5s
ScP   109  0.0016 -0.0106  0.0030 -0.0115 -1.5  1.5s
ScP   110  0.0004 -0.0072  0.0015 -0.0065  0.0  2.0s
ScP   111  0.0088  0.0181  0.0085  0.0180  1.0  5.0s
ScP   112 -0.0287 -0.0263 -0.0280 -0.0275 -1.0  2.0s
ScP   113 -0.0097 -0.0353 -0.0070 -0.0370 -3.0 15.0s
ScP   114  0.0043 -0.0156  0.0065 -0.0155 -2.0  5.0s
ScP   115  0.0239  0.0212  0.0230  0.0215  2.0  7.0s
ScP   116  0.0093  0.0198  0.0100  0.0190  0.0 10.0s
ScP   117  0.0100  0.0201  0.0105  0.0195  0.0 10.0s
ScP   118 -0.0137 -0.0352 -0.0090 -0.0370 -4.0  2.0s
ScP   119 -0.0311 -0.0234 -0.0300 -0.0250  2.0. 8.0s
ScP   120 -0.0154 -0.0276 -0.0125 -0.0265 -2.0 10.0s
PKiKP 101  0.0009 -0.0029  0.0005 -0.0020  1.0  6.0s
PKiKP 102 -0.0029 -0.0021 -0.0030 -0.0020  0.0  3.0s
PKiKP 103  0.0008  0.0024  0.0005  0.0025 -3.0  0.0s
PKiKP 104 -0.0018 -0.0017 -0.0015 -0.0020 -2.0  1.0s
PKiKP 105 -0.0076 -0.0007 -0.0065 -0.0010 -1.0  1.5s
PKiKP 106 -0.0006  0.0012 -0.0005  0.0010  2.0  4.0s
PKiKP 107  0.0012 -0.0034  0.0020 -0.0040 -2.0  1.0s
PKiKP 108 -0.0076 -0.0006 -0.0080 -0.0005 -1.0  1.5s
PKiKP 109  0.0003 -0.0019  0.0010 -0.0025 -1.5  1.0s
PKiKP 110  0.0001 -0.0013  0.0005 -0.0015 -1.0  1.5s
PKiKP 111  0.0016  0.0033  0.0015  0.0030 -2 5  0 5s
PKiKP 112 -0.0071 -0.0065 -0.0085 -0.0055  2.5  5.5s
PKiKP 113 -0.0027 -0.0080 -0.0020 -0.0075  0.0  2.0s
PKiKP 114  0.0008 -0.0029  0.0010 -0.0025  0.5  9.0s
PKiKP 115  0.0050  0.0044  0.0050  0.0040 -2.0  3.0s
PKiKP 116  0.0017  0.0037  0.0015  0.0035 -2.0 10.0s
PKiKP 117  0.0019  0.0038  0.0015  0.0040  5.0 10.0s
PKiKP 118 -0.0032 -0.0083 -0.0030 -0.0080 -2.0  5.0s
PKiKP 120 -0.0031 -0.0057 -0.0035 -0.0055  2.0  6.0s