N.KRI 7.84 40.6091 140.6646 -1.168 0.497
N.AOM 7.61 40.8524 140.6759 1.241 0.469
N.HHE 7.69 40.5794 141.4451 -0.982 0.411
N.ANI 8.50 39.9819 140.4072 -1.501 0.403
N.OGA 8.69 39.9554 139.7623 -0.326 0.407
N.GJO 8.61 39.9155 140.2221 0.235 0.405
N.IHE 8.22 40.0811 141.1915 0.069 0.409
N.ASR 8.22 40.1391 140.9529 -0.055 0.528
N.KZM 8.29 39.9398 141.5492 1.292 0.480
N.TOU 8.92 39.3340 141.3015 -1.097 0.434
N.NKW 10.11 38.3860 139.9916 -1.080 0.534
N.TDO 10.03 38.3841 140.3805 1.023 0.405
N.ONI 10.54 37.9881 139.8016 -0.105 0.552
N.OND 9.76 38.5793 140.7804 0.102 0.500
N.SIS 10.34 38.0091 140.6027 -0.014 0.489
N.TST 10.91 37.6078 139.7533 -0.838 0.663
N.INA 11.38 37.1723 139.5199 0.207 0.603
N.HMT 11.57 37.0103 139.3755 1.607 0.508
N.FKS 10.63 37.7643 140.3766 -0.100 0.484
N.KMA 10.68 37.6636 140.5974 0.900 0.407
N.MRU 10.86 37.4894 140.5380 -0.048 0.503
N.IWW 11.33 36.9951 140.5853 1.256 0.472
N.HYK 13.33 35.4327 138.3325 -0.059 0.428
N.KYE 11.63 36.8828 139.6459 -1.212 0.445
N.YIT 11.61 36.8625 139.8364 0.079 0.471
N.BTO 11.66 36.7342 140.1781 -0.038 0.513
N.SUZ 11.69 37.5266 137.2844 0.071 0.416
N.SHK 12.27 37.0533 136.8206 -1.440 0.624
N.UOZ 12.30 36.7914 137.4689 1.629 0.479
N.IMI 12.67 36.5736 136.9584 0.516 0.407
N.TOG 12.76 36.4406 137.0392 -0.664 0.450
N.NKN 12.08 36.7431 138.3759 -0.003 0.483
N.MST 12.69 36.2541 137.8591 1.291 0.572
N.AWN 11.96 36.5509 139.6154 0.115 0.443
N.TUM 12.28 36.4917 138.5244 0.055 0.528
N.TAY 12.06 36.6213 138.9069 0.026 0.445
N.KWT 12.45 36.1131 139.2894 0.141 0.505
N.SKW 10.47 38.1312 139.5426 1.358 0.464
N.MRM 10.98 37.6658 139.2610 0.073 0.404
N.YNT 11.47 37.2239 138.9821 -0.613 0.415
N.SZW 11.69 37.0303 138.8521 0.226 0.561
N.YZW 11.91 36.8114 138.7849 0.188 0.506
N.CHN 12.89 35.9465 138.1848 -0.718 0.500
N.CBA 12.80 35.5458 140.2417 0.439 0.471
N.EDS 12.39 35.9509 140.3302 0.722 0.425
N.HDK 12.64 35.8990 139.3843 1.199 0.405
N.IWT 12.53 35.9290 139.7349 1.188 0.401
N.KOT 12.82 35.6114 139.8125 -1.291 0.424
N.ODW 13.32 35.2524 139.1042 0.068 0.454
N.SSW 12.75 36.1088 138.1297 1.235 0.467
N.ST6 13.41 35.0966 139.3778 0.842 0.403
N.KT2 13.15 35.1714 140.3398 -1.135 0.505
N.KMW 13.25 35.1384 139.9649 -1.498 0.528
N.DGO 11.53 36.8369 140.3181 0.947 0.418
N.THG 11.53 36.7955 140.5750 -0.974 0.543
N.JUO 11.63 36.6922 140.5484 1.637 0.482
N.HHN 12.69 35.8637 139.2726 0.241 0.424
N.HH2 12.88 35.7017 139.1275 0.006 0.503
N.FJO 12.94 35.6437 139.1283 0.109 0.579
N.YM2 13.18 35.4173 139.0436 0.146 0.690
N.OOK 12.99 35.6247 138.9777 1.292 0.408
N.MSF 13.18 35.5623 138.4490 -0.023 0.455
N.SAK 12.60 36.1425 138.5504 0.053 0.618
N.KAD 13.06 35.9324 137.5950 0.012 0.502
N.KWK 12.76 35.9735 138.5845 0.183 0.437
N.AGM 13.16 35.7870 137.7173 0.005 0.438
N.INH 13.06 35.8315 137.9236 -0.102 0.419
N.KTR 12.79 36.2493 137.5174 -1.181 0.512
N.ASN 12.99 36.0940 137.3438 0.174 0.447
N.SSS 12.33 36.5770 138.0479 1.347 0.478
N.MMO 12.65 36.2578 137.9898 0.155 0.531
N.IKS 12.46 36.4598 137.9637 0.173 0.439
N.HOT 12.58 36.3824 137.8201 0.121 0.561
N.HTK 11.94 36.3631 140.6198 0.635 0.463
