N.HYK 154.41 35.4327 138.3325 0.909 0.533
N.WAT 152.91 34.3532 136.5866 1.052 0.548
N.SYK 154.62 36.0654 136.9479 1.015 0.657
N.INS 153.66 34.8343 137.6616 0.724 0.658
N.TRG 153.95 35.6390 136.0303 -1.269 0.671
N.TKH 153.65 35.4907 135.4841 0.790 0.675
N.OBM 153.69 35.4573 135.7266 -0.804 0.545
N.MMK 154.95 35.9696 138.4797 -0.252 0.678
N.TKG 154.36 35.5143 137.8767 -0.006 0.570
N.HRY 154.10 35.3095 137.6261 0.720 0.582
N.KIZ 155.27 36.1509 139.0504 0.642 0.577
N.SMA 152.88 34.2544 136.8216 1.042 0.627
N.MGW 152.84 34.3580 136.3293 1.073 0.765
N.OWS 152.52 34.0637 136.1689 0.714 0.535
N.KOK 155.03 36.3779 137.3716 -0.539 0.667
N.YOT 154.16 35.4865 137.2464 0.892 0.729
N.KYT 153.28 35.0094 135.7304 0.776 0.660
N.KMM 153.18 34.8983 135.7461 0.863 0.543
N.UUM 152.34 34.4572 134.3241 0.727 0.601
N.IKW 151.78 33.9997 133.8933 1.042 0.827
N.GSI 151.32 33.5294 133.8192 0.568 0.712
N.MTY 151.45 33.7543 133.5760 0.848 0.766
N.MRO 153.36 35.4697 134.5953 0.954 0.657
N.KAC 152.69 35.3422 132.8989 0.190 0.678
N.KRH 151.44 34.1161 132.5053 0.585 0.871
N.YSH 151.99 34.6629 132.6689 0.547 0.801
N.TGU 151.76 34.5716 132.2326 0.554 0.636
N.HHI 151.85 34.4572 132.7923 0.465 0.811
N.MKI 152.11 34.2700 134.1482 0.842 0.861
N.OHC 152.12 34.2264 134.3043 0.960 0.793
N.MYK 151.69 34.1918 133.0581 0.671 0.784
N.OOZ 150.98 33.5807 132.6011 -0.936 0.528
N.UWA 150.81 33.4270 132.5055 0.696 0.727
N.TOK 151.97 33.9902 134.5337 0.859 0.775
N.KNN 151.60 33.6628 134.3156 0.726 0.757
N.TSS 150.36 32.7797 132.9718 0.255 0.557
N.KHU 151.45 33.6748 133.8243 0.840 0.807
N.INO 151.20 33.5313 133.4388 0.795 0.831
N.MUR 151.20 33.2866 134.1603 -0.777 0.528
N.TJR 152.57 34.3977 135.2836 0.727 0.507
N.TIS 152.80 34.5248 135.6608 0.869 0.549
N.SSM 151.86 33.5559 135.5454 0.683 0.818
N.NKT 152.00 33.6072 135.8619 0.597 0.733
N.OTO 152.01 33.6948 135.5953 0.694 0.812
N.KTD 151.96 33.6894 135.4396 0.849 0.706
N.HNZ 152.40 34.1373 135.5369 0.986 0.797
N.NKM 152.34 34.1314 135.3244 1.019 0.811
N.SSY 153.20 35.0708 135.2811 0.956 0.649
N.YMS 152.98 35.0322 134.6701 -1.000 0.554
N.NKO 152.93 35.0671 134.4234 0.794 0.842
N.HAG 153.10 35.2193 134.5237 0.819 0.806
N.KMG 152.75 34.8995 134.3284 0.808 0.665
N.AIO 152.70 34.7934 134.4797 0.767 0.774
N.TJO 152.99 34.9082 135.0844 0.616 0.519
N.TAG 153.67 35.2383 136.3599 -0.946 0.630
N.OTU 153.54 35.2482 135.8671 0.947 0.590
N.HYS 152.82 34.4237 136.0294 0.864 0.705
N.TKE 152.34 33.9692 135.8574 0.885 0.659
N.KAW 152.69 34.2925 136.0022 0.902 0.690
N.KRT 152.65 34.3061 135.8369 0.419 0.511
N.TAM 152.25 34.5070 133.8905 0.686 0.822
N.SET 152.53 34.7501 134.0702 0.600 0.570
N.OKY 152.46 34.7783 133.7890 0.616 0.759
N.MIH 151.84 34.3736 133.0236 0.528 0.750
N.DWA 151.98 34.5482 132.9480 0.421 0.510
N.HNO 153.39 34.9638 136.2610 1.118 0.763
N.SGU 152.84 34.9313 134.5423 0.768 0.563
N.CHZ 153.04 35.2604 134.2173 0.751 0.746
N.MZK 152.90 35.3553 133.4918 0.358 0.816
N.HKT 152.77 35.2963 133.2604 0.290 0.901
N.NIT 152.64 35.2235 133.0856 0.295 0.791
N.SDA 152.52 35.2243 132.7223 0.736 0.532
N.OOC 152.34 35.0918 132.5308 -0.075 0.544
N.IWA 152.11 34.8801 132.4208 0.023 0.746
N.YSD 152.51 35.1634 132.8558 -0.049 0.604
N.MIC 151.49 34.3904 131.8925 -0.312 0.690
N.TKB 152.57 34.8684 133.8527 0.657 0.786
N.SGO 152.56 35.0493 133.3169 0.594 0.812
N.TTA 152.46 34.9103 133.4055 0.856 0.578
N.OHA 152.93 35.0999 134.3190 0.756 0.693
N.HNS 152.57 34.7283 134.2744 0.775 0.730
N.HKB 152.56 34.9363 133.6205 0.776 0.776
N.MIG 152.01 34.5183 133.1375 0.608 0.695
N.NMK 151.95 34.3785 133.3493 0.636 0.672
N.KUR 151.64 34.2883 132.6411 0.441 0.579
N.SKI 151.58 34.3935 132.1611 0.087 0.686
N.GEI 151.97 34.7471 132.3794 0.428 0.614
N.HWS 151.76 33.7751 134.4994 0.693 0.749
N.SAD 151.85 34.0112 134.0918 0.826 0.782
N.KYD 151.74 33.8778 134.1295 0.766 0.847
N.AYK 152.00 34.2186 133.9493 0.750 0.854
N.MNO 151.90 34.1980 133.7081 0.756 0.738
N.TSM 150.48 33.0556 132.5552 0.535 0.784
N.SJO 151.43 33.8650 133.1840 0.821 0.816
N.SIN 151.62 33.9154 133.6497 0.811 0.742
N.TBR 151.42 33.9023 133.0658 0.951 0.659
N.TBE 151.16 33.7112 132.8032 0.785 0.821
N.HIY 150.81 33.3348 132.7980 0.729 0.841
N.KWB 150.95 33.5022 132.7480 0.934 0.817
N.KTG 151.42 33.5421 134.1197 0.698 0.867
N.GHK 151.34 33.7079 133.3641 0.851 0.728
N.TSY 150.81 33.2683 132.9891 0.754 0.736
N.IKK 151.21 33.6472 133.1444 0.770 0.839
N.NAK 150.62 33.0754 132.9524 0.620 0.740
N.KME 153.24 35.0469 135.4846 0.906 0.804
N.NDG 153.57 35.5243 135.1243 1.055 0.623
N.MYM 153.46 35.2685 135.5508 0.986 0.772
N.YND 151.07 33.5388 133.0016 0.863 0.811
N.JNS 152.30 34.8225 133.1674 1.151 0.764
N.IKT 150.78 33.4719 132.3072 0.266 0.840
N.SSK 151.02 33.3920 133.2866 0.612 0.852
N.MNE 150.98 34.1111 131.1434 -0.160 0.836
N.IKN 151.38 34.1891 132.1260 0.052 0.882
N.SYT 151.21 34.0270 132.0626 -0.287 0.813
N.MKW 151.34 34.1974 131.9943 -0.311 0.756
N.TKJ 151.25 34.2091 131.6859 0.048 0.715
N.NGT 151.20 34.3408 131.1770 -1.124 0.581
N.KKY 150.71 33.8853 130.9795 -0.146 0.882
N.WKM 150.41 33.6963 130.5963 0.099 0.763
N.UMI 150.27 33.5608 130.5499 0.923 0.596
N.KAH 150.33 33.5512 130.7451 0.358 0.827
N.SGW 150.38 33.5293 130.9503 0.000 0.976
N.BZN 150.50 33.5925 131.1348 -0.401 0.672
N.TAR 150.12 33.3674 130.6355 1.037 0.685
N.KIW 150.28 33.4654 130.8285 0.285 0.905
N.IMR 149.77 33.2656 129.8798 0.181 0.820
N.FJI 150.02 33.4098 130.2329 0.038 0.792
N.HSF 150.04 33.3652 130.4049 0.006 0.756
N.SRI 149.77 33.1805 130.1048 0.265 0.608
N.SBN 149.68 33.2122 129.7652 0.359 0.690
N.SBS 149.62 33.1256 129.8102 0.313 0.723
N.KKI 149.46 32.9553 129.8026 0.006 0.737
N.NGS 149.25 32.6999 129.8625 -0.093 0.858
N.KHK 149.91 33.1089 130.6949 0.784 0.529
N.OGN 150.05 33.1220 131.0629 1.094 0.602
N.KKC 149.85 32.9982 130.8300 -0.497 0.653
N.NMN 149.95 32.9553 131.2207 -0.577 0.737
N.HKS 149.77 32.8114 131.1010 0.438 0.563
N.YAB 149.60 32.6501 131.0251 -0.640 0.850
N.IZM 149.41 32.4901 130.9046 -0.921 0.822
N.ASK 149.12 32.2918 130.5777 -0.124 0.650
N.HYO 149.10 32.2052 130.7370 -0.608 0.662
N.UWE 149.17 32.2209 130.9096 -0.535 0.504
N.YGN 150.30 33.4122 131.0326 -0.112 0.806
N.YMG 150.48 33.4581 131.4429 -0.384 0.934
N.SNI 150.15 33.1306 131.3473 0.721 0.502
N.NTH 150.24 33.1525 131.5420 -0.378 0.843
N.TAK 150.02 32.9726 131.3984 -0.173 0.562
N.UMW 149.95 32.8392 131.5357 -0.041 0.580
N.UME 150.00 32.8486 131.6786 0.375 0.723
N.SIK 150.14 32.9278 131.8695 0.575 0.910
N.GKS 149.67 32.6536 131.2257 -0.811 0.624
N.KIG 149.86 32.6972 131.6829 -0.503 0.602
N.SBA 149.47 32.4754 131.1043 -0.782 0.541
N.MRT 149.58 32.5181 131.3349 -0.470 0.730
N.NAN 149.40 32.3470 131.2668 -0.445 0.637
N.TGO 149.48 32.3607 131.4643 0.155 0.606
N.NRA 149.24 32.1987 131.1946 -1.286 0.506
N.KTM 149.11 32.0218 131.2900 0.222 0.731
N.MJN 148.85 31.8643 130.9454 -0.809 0.544
N.NCN 148.71 31.5649 131.3510 0.118 0.515
N.NSM 148.84 32.1554 130.1191 -0.394 0.540
N.SEN 148.63 31.8374 130.3602 -0.752 0.695
N.KDI 148.71 31.8699 130.4958 1.143 0.549
N.KOR 148.54 31.6988 130.4594 -0.885 0.803
N.OSU 148.59 31.5618 130.9969 -0.739 0.727
N.CRN 148.23 31.3741 130.4333 -1.073 0.804
N.MMT 148.94 32.1704 130.3647 -0.409 0.505
N.HYG 149.53 32.3654 131.5893 0.104 0.572
N.TKU 151.08 33.9725 131.8149 0.006 0.734
N.KNS 151.04 33.8260 132.1040 0.225 0.608
N.UKH 150.11 33.2891 130.8170 0.454 0.579
N.KKE 150.24 33.2844 131.2118 -0.393 0.571
N.MSI 149.67 32.7967 130.8199 -0.606 0.574
N.KYA 148.40 31.4005 130.8541 -0.930 0.507
N.MNY 155.04 36.1987 138.0122 1.007 0.581
N.KHZ 153.44 34.1993 139.1353 0.114 0.549
N.MKE 153.44 34.1092 139.5060 -1.115 0.600
N.YMK 154.65 35.4904 139.0594 0.294 0.758
N.ENZ 154.82 35.7392 138.8019 0.742 0.625
N.TR2 154.63 35.5153 138.8838 0.397 0.747
N.NRY 154.22 35.0632 138.9597 0.152 0.659
N.KMT 154.00 35.0331 138.2146 0.426 0.633
N.SUM 154.10 35.1724 138.1236 -0.093 0.708
N.TOE 153.91 35.0814 137.7208 0.673 0.625
N.KF2 154.76 35.7421 138.5653 0.725 0.808
N.SUY 154.85 35.9772 138.0636 -0.172 0.556
N.NJM 153.69 34.4236 139.2828 1.018 0.590
N.KKK 154.57 35.5323 138.6045 0.559 0.592
N.MYT 155.30 36.3308 138.4967 1.111 0.654
N.YKS 154.53 35.3583 139.0910 0.322 0.569
N.TRU 154.64 35.5138 138.9408 1.072 0.595
N.YRO 154.73 35.2867 140.1529 1.058 0.643
N.MNA 155.21 36.0715 139.0993 0.608 0.577
N.CH2 155.31 35.7342 140.8230 1.327 0.566
N.HH2 154.87 35.7017 139.1275 0.540 0.645
N.FJO 154.81 35.6437 139.1283 0.541 0.511
N.MTD 154.55 35.3663 139.1260 0.363 0.647
N.HYN 154.50 35.5351 138.3087 0.630 0.539
N.HMM 153.53 34.6683 137.7441 0.761 0.510
N.SON 154.25 35.3070 138.1973 0.699 0.677
N.MS2 154.10 35.2233 137.9181 0.704 0.566
N.KNE 153.87 34.9398 138.0767 0.716 0.755
N.KNI 154.24 35.0854 138.9779 0.225 0.545
N.SAK 155.13 36.1425 138.5504 0.492 0.612
N.KWK 154.98 35.9735 138.5845 0.795 0.507
N.AGM 154.57 35.7870 137.7173 0.670 0.644
N.MSN 154.17 35.2986 137.9268 0.835 0.789
N.MZE 154.52 35.8991 137.1495 0.871 0.506
N.HSK 154.32 35.6401 137.3187 -0.066 0.689
N.KID 153.76 35.2953 136.4732 0.315 0.619
N.STR 153.93 35.1543 137.5350 0.821 0.752
N.OKZ 153.67 34.9635 137.2377 1.059 0.611
N.SSR 153.67 34.8976 137.4876 -1.060 0.608
N.SSS 155.41 36.5770 138.0479 1.020 0.514
N.NGW 154.82 36.0640 137.6849 0.818 0.509
N.OM2 155.30 36.5327 137.8201 1.047 0.608
N.HOT 155.16 36.3824 137.8201 -0.674 0.538
N.SZJ 154.12 34.9756 138.9128 -0.590 0.584
