KUR01 50.721611 78.563362 162.9
KUR02 50.701721 78.55661 167.2
KUR03 50.681969 78.550003 173.0
KUR04 50.662189 78.543388 175.6
KUR05 50.642361 78.536636 181.0
KUR06 50.602829 78.523941 194.1
KUR07 50.583061 78.51722 199.7
KUR08 50.563171 78.510803 198.6
KUR09 50.543331 78.504333 199.0
KUR10 50.523621 78.497726 203.3
KUR11 50.601891 78.686249 199.5
KUR12 50.60611 78.655144 202.3
KUR13 50.610222 78.624168 223.9
KUR14 50.614361 78.59272 216.6
KUR15 50.6185 78.56147 193.3
KUR16 50.626862 78.499329 193.3
KUR17 50.631748 78.469002 183.8
KUR18 50.635311 78.436829 191.1
KUR19 50.639439 78.405693 180.3
KUR20 50.643639 78.374557 181.9
KUR21 50.622601 78.530403 199.8
KUR22 50.715599 78.6175 240.0
KUR23 50.715523 78.618919 240.0
KUR24 50.714703 78.619957 240.0
KUR26 50.715599 78.6175 240.0
KUR27 50.715599 78.619911 240.0
KUR28 50.714802 78.620407 240.0
KURI0 50.71402 78.614273 168.0
KURI1 50.717812 78.610252 160.0
KURI2 50.71003 78.610687 166.0
KURI3 50.71397 78.621384 164.0
