A010z 46.6886 -106.2222 0.0
A041z 46.7021 -106.2237 0.0
A043z 46.6828 -106.2045 0.0
A045z 46.6807 -106.2385 0.0
A052z 46.6987 -106.2005 0.0
A054z 46.6707 -106.2203 0.0
A056z 46.6964 -106.2458 0.0
A061z 46.7110 -106.2246 0.0
A063z 46.6788 -106.1927 0.0
A065z 46.6760 -106.2493 0.0
A072z 46.7038 -106.1897 0.0
A074z 46.6617 -106.2193 0.0
A076z 46.7003 -106.2576 0.0
A081z 46.7200 -106.2256 0.0
A083z 46.6749 -106.1809 0.0
A085z 46.6709 -106.2601 0.0
B110z 46.7523 -106.0913 0.0
B142z 46.7590 -106.0742 0.0
B144z 46.7388 -106.0914 0.0
B146z 46.7590 -106.1083 0.0
B151z 46.7702 -106.0912 0.0
B153z 46.7433 -106.0686 0.0
B155z 46.7433 -106.1140 0.0
B162z 46.7635 -106.0628 0.0
B164z 46.7298 -106.0914 0.0
B166z 46.7636 -106.1197 0.0
B171z 46.7793 -106.0912 0.0
B173z 46.7388 -106.0573 0.0
B175z 46.7388 -106.1254 0.0
B182z 46.7680 -106.0514 0.0
B184z 46.7208 -106.0915 0.0
B186z 46.7681 -106.1310 0.0
B210z 46.6350 -106.1626 0.0
B242z 46.6428 -106.1465 0.0
B244z 46.6216 -106.1609 0.0
B246z 46.6407 -106.1804 0.0
B251z 46.6529 -106.1649 0.0
B253z 46.6274 -106.1388 0.0
B255z 46.6247 -106.1840 0.0
B262z 46.6480 -106.1358 0.0
B264z 46.6126 -106.1597 0.0
B266z 46.6445 -106.1923 0.0
B271z 46.6619 -106.1661 0.0
B273z 46.6237 -106.1270 0.0
B275z 46.6195 -106.1947 0.0
B282z 46.6531 -106.1251 0.0
B284z 46.6037 -106.1585 0.0
B286z 46.6483 -106.2042 0.0
B310z 46.6592 -106.3172 0.0
B342z 46.6585 -106.2976 0.0
B344z 46.6479 -106.3279 0.0
B346z 46.6712 -106.3261 0.0
B351z 46.6743 -106.3029 0.0
B353z 46.6432 -106.3054 0.0
B355z 46.6602 -106.3434 0.0
B362z 46.6580 -106.2845 0.0
B364z 46.6404 -106.3351 0.0
B366z 46.6793 -106.3320 0.0
B371z 46.6818 -106.2957 0.0
B373z 46.6351 -106.2995 0.0
B375z 46.6607 -106.3565 0.0
B382z 46.6575 -106.2714 0.0
B384z 46.6329 -106.3423 0.0
B386z 46.6873 -106.3380 0.0
B410z 46.7680 -106.2431 0.0
B442z 46.7711 -106.2240 0.0
B444z 46.7551 -106.2488 0.0
B446z 46.7779 -106.2566 0.0
B451z 46.7853 -106.2355 0.0
B453z 46.7549 -106.2251 0.0
B455z 46.7639 -106.2687 0.0
B462z 46.7732 -106.2112 0.0
B464z 46.7465 -106.2526 0.0
B466z 46.7844 -106.2656 0.0
B471z 46.7939 -106.2317 0.0
B473z 46.7484 -106.2162 0.0
B475z 46.7619 -106.2815 0.0
B482z 46.7752 -106.1984 0.0
B484z 46.7379 -106.2564 0.0
B486z 46.7910 -106.2746 0.0
C110z 46.8394 -106.1272 0.0
C142z 46.8421 -106.1079 0.0
C144z 46.8266 -106.1335 0.0
C146z 46.8495 -106.1403 0.0
C153z 46.8260 -106.1098 0.0
C155z 46.8358 -106.1530 0.0
C162z 46.8439 -106.0950 0.0
C164z 46.8181 -106.1377 0.0
C166z 46.8563 -106.1490 0.0
C171z 46.8650 -106.1147 0.0
C173z 46.8192 -106.1011 0.0
C175z 46.8340 -106.1659 0.0
C182z 46.8457 -106.0821 0.0
C184z 46.8096 -106.1418 0.0
C186z 46.8630 -106.1577 0.0
C210z 46.6696 -106.0119 0.0
C242z 46.6765 -105.9950 0.0
C244z 46.6562 -106.0117 0.0
C246z 46.6762 -106.0290 0.0
C251z 46.6876 -106.0122 0.0
C253z 46.6609 -105.9890 0.0
C255z 46.6604 -106.0344 0.0
C262z 46.6811 -105.9837 0.0
C264z 46.6472 -106.0116 0.0
C266z 46.6806 -106.0404 0.0
C271z 46.6966 -106.0123 0.0
C273z 46.6565 -105.9776 0.0
C275z 46.6513 -106.0344 0.0
C282z 46.6857 -105.9724 0.0
C284z 46.6382 -106.0114 0.0
C286z 46.6850 -106.0518 0.0
C310z 46.5742 -106.2498 0.0
C342z 46.5794 -106.2317 0.0
C344z 46.5608 -106.2524 0.0
C346z 46.5824 -106.2654 0.0
C351z 46.5920 -106.2464 0.0
C353z 46.5633 -106.2291 0.0
C355z 46.5673 -106.2740 0.0
C362z 46.5828 -106.2196 0.0
C364z 46.5519 -106.2541 0.0
C366z 46.5879 -106.2757 0.0
C371z 46.6009 -106.2446 0.0
C373z 46.5578 -106.2187 0.0
C375z 46.5639 -106.2861 0.0
C382z 46.5862 -106.2075 0.0
C384z 46.5430 -106.2558 0.0
C386z 46.5934 -106.2861 0.0
C410z 46.7354 -106.3743 0.0
C441z 46.7489 -106.3745 0.0
C443z 46.7287 -106.3572 0.0
C445z 46.7285 -106.3913 0.0
C452z 46.7444 -106.3517 0.0
C454z 46.7174 -106.3742 0.0
C456z 46.7443 -106.3972 0.0
C461z 46.7579 -106.3746 0.0
C463z 46.7242 -106.3458 0.0
C465z 46.7240 -106.4026 0.0
C472z 46.7490 -106.3404 0.0
C474z 46.7084 -106.3740 0.0
C476z 46.7487 -106.4085 0.0
C481z 46.7668 -106.3747 0.0
C483z 46.7198 -106.3344 0.0
C485z 46.7195 -106.4139 0.0
D110z 46.8402 -105.8885 0.0
D141z 46.8534 -105.8924 0.0
D143z 46.8359 -105.8698 0.0
D145z 46.8312 -105.9032 0.0
D154z 46.8226 -105.8832 0.0
D156z 46.8458 -105.9134 0.0
D161z 46.8622 -105.8951 0.0
D163z 46.8331 -105.8573 0.0
D165z 46.8252 -105.9131 0.0
D172z 46.8581 -105.8589 0.0
D174z 46.8138 -105.8806 0.0
D176z 46.8486 -105.9259 0.0
D181z 46.8710 -105.8977 0.0
D183z 46.8303 -105.8448 0.0
D185z 46.8192 -105.9229 0.0
D223z 46.5011 -106.0045 0.0
D226z 46.5055 -106.0160 0.0
D242z 46.5103 -105.9934 0.0
D244z 46.4898 -106.0099 0.0
D246z 46.5098 -106.0274 0.0
D251z 46.5213 -106.0107 0.0
D253z 46.4946 -105.9874 0.0
D255z 46.4940 -106.0326 0.0
D262z 46.5149 -105.9822 0.0
D264z 46.4808 -106.0096 0.0
D266z 46.5141 -106.0388 0.0
D271z 46.5303 -106.0109 0.0
D273z 46.4903 -105.9759 0.0
D275z 46.4893 -106.0438 0.0
D282z 46.5196 -105.9710 0.0
D284z 46.4718 -106.0094 0.0
D286z 46.5185 -106.0502 0.0
D310z 46.5501 -106.4810 0.0
D342z 46.5492 -106.4614 0.0
D344z 46.5388 -106.4918 0.0
D346z 46.5621 -106.4898 0.0
D351z 46.5651 -106.4667 0.0
D353z 46.5340 -106.4693 0.0
D355z 46.5511 -106.5071 0.0
D362z 46.5487 -106.4484 0.0
D364z 46.5313 -106.4990 0.0
D366z 46.5702 -106.4957 0.0
D371z 46.5726 -106.4595 0.0
D373z 46.5259 -106.4634 0.0
D375z 46.5517 -106.5202 0.0
D382z 46.5481 -106.4353 0.0
D384z 46.5238 -106.5063 0.0
D386z 46.5782 -106.5016 0.0
D410z 46.9420 -106.3838 0.0
D441z 46.9553 -106.3808 0.0
D443z 46.9335 -106.3684 0.0
D445z 46.9371 -106.4022 0.0
D452z 46.9485 -106.3593 0.0
D454z 46.9237 -106.3876 0.0
D456z 46.9533 -106.4044 0.0
D461z 46.9642 -106.3789 0.0
D463z 46.9279 -106.3581 0.0
D465z 46.9338 -106.4145 0.0
D472z 46.9518 -106.3470 0.0
D474z 46.9148 -106.3896 0.0
D476z 46.9589 -106.4147 0.0
D481z 46.9731 -106.3769 0.0
D483z 46.9223 -106.3478 0.0
D485z 46.9306 -106.4268 0.0
E110z 47.1628 -106.0556 0.0
E141z 47.1763 -106.0556 0.0
E143z 47.1560 -106.0385 0.0
E145z 47.1561 -106.0728 0.0
E152z 47.1717 -106.0327 0.0
E154z 47.1448 -106.0557 0.0
E156z 47.1718 -106.0785 0.0
E161z 47.1853 -106.0555 0.0
E163z 47.1515 -106.0270 0.0
E165z 47.1516 -106.0843 0.0
E172z 47.1763 -106.0212 0.0
E174z 47.1358 -106.0558 0.0
E176z 47.1763 -106.0899 0.0
E181z 47.1942 -106.0555 0.0
E183z 47.1470 -106.0156 0.0
E185z 47.1471 -106.0958 0.0
E210z 46.5160 -105.3622 0.0
E242z 46.5192 -105.3431 0.0
E244z 46.5031 -105.3679 0.0
E246z 46.5258 -105.3756 0.0
E251z 46.5333 -105.3546 0.0
E253z 46.5031 -105.3444 0.0
E255z 46.5121 -105.3877 0.0
E262z 46.5214 -105.3304 0.0
E264z 46.4945 -105.3717 0.0
E266z 46.5323 -105.3845 0.0
E271z 46.5419 -105.3508 0.0
E273z 46.4966 -105.3354 0.0
E275z 46.5096 -105.4004 0.0
E282z 46.5235 -105.3176 0.0
E284z 46.4858 -105.3755 0.0
E286z 46.5388 -105.3935 0.0
E310z 46.1497 -106.3345 0.0
E321z 46.1766 -106.3356 0.0
E323z 46.1368 -106.3002 0.0
E325z 46.1357 -106.3677 0.0
E332z 46.1660 -106.2959 0.0
E334z 46.1182 -106.3333 0.0
E336z 46.1647 -106.3744 0.0
E341z 46.2034 -106.3366 0.0
E343z 46.1239 -106.2660 0.0
E345z 46.1215 -106.4008 0.0
E352z 46.1828 -106.2647 0.0
E354z 46.0913 -106.3323 0.0
E356z 46.1784 -106.4093 0.0
E361z 46.2127 -106.2850 0.0
E362z 46.1522 -106.2310 0.0
E363z 46.0881 -106.2803 0.0
E364z 46.0890 -106.3839 0.0
E365z 46.1502 -106.4376 0.0
E366z 46.2113 -106.3883 0.0
E371z 46.2301 -106.3403 0.0
E373z 46.1111 -106.2323 0.0
E375z 46.1092 -106.4362 0.0
E382z 46.1948 -106.2299 0.0
E384z 46.0639 -106.3293 0.0
E386z 46.1927 -106.4423 0.0
E410z 46.7629 -106.9187 0.0
E441z 46.7752 -106.9107 0.0
E443z 46.7519 -106.9071 0.0
E445z 46.7616 -106.9383 0.0
E452z 46.7646 -106.8926 0.0
E454z 46.7466 -106.9294 0.0
E456z 46.7776 -106.9342 0.0
E461z 46.7834 -106.9054 0.0
E463z 46.7446 -106.8994 0.0
E465z 46.7607 -106.9513 0.0
E472z 46.7655 -106.8795 0.0
E474z 46.7384 -106.9347 0.0
E476z 46.7849 -106.9419 0.0
E481z 46.7916 -106.9000 0.0
E483z 46.7373 -106.8917 0.0
E485z 46.7599 -106.9644 0.0
F110z 47.3753 -105.1843 0.0
F141z 47.3884 -105.1791 0.0
F143z 47.3659 -105.1703 0.0
F145z 47.3716 -105.2036 0.0
F152z 47.3801 -105.1586 0.0
F154z 47.3579 -105.1913 0.0
F156z 47.3879 -105.2031 0.0
F161z 47.3971 -105.1756 0.0
F163z 47.3596 -105.1609 0.0
F165z 47.3693 -105.2164 0.0
F172z 47.3826 -105.1458 0.0
F174z 47.3497 -105.1944 0.0
F176z 47.3942 -105.2124 0.0
F181z 47.4058 -105.1721 0.0
F183z 47.3533 -105.1516 0.0
F185z 47.3668 -105.2292 0.0
F210z 45.9121 -105.4834 0.0
F241z 45.9247 -105.4902 0.0
F243z 45.9101 -105.4643 0.0
F245z 45.9016 -105.4957 0.0
F252z 45.9261 -105.4670 0.0
F254z 45.8954 -105.4743 0.0
F256z 45.9149 -105.5089 0.0
F261z 45.9331 -105.4948 0.0
F263z 45.9087 -105.4516 0.0
F265z 45.8946 -105.5039 0.0
F272z 45.9331 -105.4588 0.0
F274z 45.8870 -105.4698 0.0
F281z 45.9415 -105.4981 0.0
F283z 45.9073 -105.4388 0.0
F285z 45.8876 -105.5122 0.0
F310z 45.9763 -107.0842 0.0
F341z 45.9897 -107.0863 0.0
F343z 45.9708 -107.0664 0.0
F345z 45.9684 -107.0998 0.0
F352z 45.9868 -107.0633 0.0
F354z 45.9584 -107.0813 0.0
F356z 45.9837 -107.1078 0.0
F361z 45.9987 -107.0878 0.0
F363z 45.9671 -107.0545 0.0
F365z 45.9632 -107.1102 0.0
F372z 45.9921 -107.0529 0.0
F374z 45.9494 -107.0798 0.0
F376z 45.9874 -107.1197 0.0
F381z 46.0076 -107.0892 0.0
F383z 45.9634 -107.0427 0.0
F385z 45.9579 -107.1206 0.0
F410z 47.4132 -106.9458 0.0
F442z 47.4218 -106.9306 0.0
F444z 47.3999 -106.9423 0.0
F446z 47.4179 -106.9645 0.0
F451z 47.4310 -106.9505 0.0
F453z 47.4069 -106.9208 0.0
F455z 47.4017 -106.9661 0.0
F462z 47.4276 -106.9204 0.0
F464z 47.3910 -106.9399 0.0
F466z 47.4210 -106.9771 0.0
F471z 47.4398 -106.9529 0.0
F473z 47.4038 -106.9083 0.0
F475z 47.3960 -106.9763 0.0
F482z 47.4333 -106.9102 0.0
F484z 47.3822 -106.9376 0.0
F486z 47.4242 -106.9896 0.0
