YKAB1 0.000000 62.402300 -114.606300 0.041412 1.0
YKAB0 0.000000 62.605900 -114.606000 -0.050588 1.0
YKAB2 0.000000 62.424700 -114.606300 0.021412 1.0
YKAB3 0.000000 62.448500 -114.606100 0.003412 1.0
YKAB4 0.000000 62.470900 -114.605800 0.001412 1.0
YKAB7 0.000000 62.538900 -114.606100 -0.012588 1.0
YKAB8 0.000000 62.561500 -114.605500 -0.088588 1.0
YKAB9 0.000000 62.583000 -114.603900 -0.046588 1.0
YKAR1 0.000000 62.492800 -114.944500 0.029412 1.0
YKAR2 0.000000 62.492800 -114.895900 0.009412 1.0
YKAR3 0.000000 62.492900 -114.847600 -0.000588 1.0
YKAR4 0.000000 62.492700 -114.799800 -0.004588 1.0
YKAR5 0.000000 62.493200 -114.750400 0.029412 1.0
YKAR6 0.000000 62.493200 -114.702000 0.021412 1.0
YKAR7 0.000000 62.493200 -114.654400 0.037412 1.0
YKAR8 0.000000 62.493100 -114.606200 0.001412 1.0
YKAR9 0.000000 62.493000 -114.556500 0.007412 1.0
YKB1 0.000000 62.402300 -114.606300 0.041412 1.0
YKB0 0.000000 62.605900 -114.606000 -0.050588 1.0
YKB2 0.000000 62.424700 -114.606300 0.021412 1.0
YKB3 0.000000 62.448500 -114.606100 0.003412 1.0
YKB4 0.000000 62.470900 -114.605800 0.001412 1.0
YKB7 0.000000 62.538900 -114.606100 -0.012588 1.0
YKB8 0.000000 62.561500 -114.605500 -0.088588 1.0
YKB9 0.000000 62.583000 -114.603900 -0.046588 1.0
YKR1 0.000000 62.492800 -114.944500 0.029412 1.0
YKR2 0.000000 62.492800 -114.895900 0.009412 1.0
YKR3 0.000000 62.492900 -114.847600 -0.000588 1.0
YKR4 0.000000 62.492700 -114.799800 -0.004588 1.0
YKR5 0.000000 62.493200 -114.750400 0.029412 1.0
YKR6 0.000000 62.493200 -114.702000 0.021412 1.0
YKR7 0.000000 62.493200 -114.654400 0.037412 1.0
YKR8 0.000000 62.493100 -114.606200 0.001412 1.0
YKR9 0.000000 62.493000 -114.556500 0.007412 1.0
