WB1  -19.959499 134.346298  0.01 1.0
WB2  -19.942801 134.350998  0.01 1.0
WB3  -19.923000 134.355392  0.01 1.0
WB4  -19.903500 134.359100  0.01 1.0
WB5  -19.878201 134.366104  0.02 1.0
WB6  -19.855000 134.367004 -0.01 1.0
WB7  -19.840799 134.379196 -0.01 1.0
WB8  -19.813900 134.380707  0.02 1.0
WB9  -19.791401 134.383804  0.01 1.0
WB10 -19.767141 134.392838  0.01 1.0
WC1  -19.924335 134.339050  0.01 1.0
WC2  -19.925379 134.365448  0.01 1.0
WC3  -19.958742 134.371933  0.02 1.0
WC4  -19.961927 134.339737  0.01 1.0
WR1  -19.942600 134.339401  0.00 1.0
WR2  -19.946800 134.362198  0.00 1.0
WR3  -19.948500 134.386795  0.01 1.0
WR4  -19.950300 134.406494  0.01 1.0
WR5  -19.952101 134.430099  0.01 1.0
WR6  -19.954300 134.453796  0.01 1.0
WR7  -19.955200 134.475906  0.01 1.0
WR8  -19.955700 134.500198  0.02 1.0
WR9  -19.957701 134.514801  0.02 1.0
WR10 -19.959661 134.540527  0.00 1.0
