IL01 0.000000 64.771599 -146.886093 -0.014079 1.0
IL02 0.000000 64.784698 -146.864304 -0.001579 1.0
IL03 0.000000 64.771400 -146.851196  0.005921 1.0
IL04 0.000000 64.757004 -146.876099  0.028421 1.0
IL05 0.000000 64.773102 -146.922897 -0.014079 1.0
IL06 0.000000 64.779198 -146.904007  0.003421 1.0
IL07 0.000000 64.799301 -146.839294 -0.034079 1.0
IL08 0.000000 64.790298 -146.796906  0.050921 1.0
IL09 0.000000 64.768097 -146.783203  0.028421 1.0
IL10 0.000000 64.752899 -146.843094  0.050921 1.0
IL11 0.000000 64.741501 -146.897400  0.013421 1.0
IL12 0.000000 64.744698 -146.943604 -0.014079 1.0
IL13 0.000000 64.747902 -146.986496 -0.041579 1.0
IL14 0.000000 64.775002 -146.979401 -0.079079 1.0
IL15 0.000000 64.777702 -146.942795 -0.004079 1.0
IL16 0.000000 64.793297 -146.921494 -0.046579 1.0
IL17 0.000000 64.807198 -146.889801 -0.049079 1.0
IL18 0.000000 64.757500 -146.776794  0.048421 1.0
IL19 0.000000 64.746101 -146.797394  0.068421 1.0
IL31 0.000000 64.771400 -146.886597 -0.014079 1.0
ILAR 0.000000 64.771400 -146.886597 -0.014079 1.0
