WB1  0.000000 -19.959499 134.346298  0.001318 1.0
WB2  0.000000 -19.942801 134.350998  0.012189 1.0
WB3  0.000000 -19.923000 134.355392 -0.025953 1.0
WB4  0.000000 -19.903500 134.359100 -0.017501 1.0
WB5  0.000000 -19.878201 134.366104 -0.027953 1.0
WB6  0.000000 -19.855000 134.367004 -0.064549 1.0
WB7  0.000000 -19.840799 134.379196 -0.053620 1.0
WB8  0.000000 -19.813900 134.380707 -0.090096 1.0
WB9  0.000000 -19.791401 134.383804 -0.097692 1.0
WB10 0.000000 -19.791401 134.383804 -0.097692 1.0
WC1  0.000000 -19.924335 134.339050 -0.053263 1.0
WC2  0.000000 -19.925379 134.365448 -0.009477 1.0
WC3  0.000000 -19.958742 134.371933  0.006047 1.0
WC4  0.000000 -19.961927 134.339737 -0.026358 1.0
WR1  0.000000 -19.942600 134.339401 -0.023834 1.0
WR2  0.000000 -19.946800 134.362198  0.020213 1.0
WR3  0.000000 -19.948500 134.386795  0.053689 1.0
WR4  0.000000 -19.950300 134.406494  0.047904 1.0
WR5  0.000000 -19.952101 134.430099  0.057880 1.0
WR6  0.000000 -19.954300 134.453796  0.066189 1.0
WR7  0.000000 -19.955200 134.475906  0.077142 1.0
WR8  0.000000 -19.955700 134.500198  0.060999 1.0
WR9  0.000000 -19.957701 134.514801  0.086727 1.0
WR10 0.000000 -19.957701 134.514801  0.086727 1.0
