AS01 -23.664700 133.950806 0.605
AS02 -23.679199 133.936905 0.649
AS03 -23.677401 133.919693 0.643
AS04 -23.659700 133.929199 0.666
AS05 -23.649200 133.947495 0.683
AS06 -23.647499 133.971405 0.663
AS07 -23.665600 133.969696 0.614
AS08 -23.681400 133.960007 0.594
AS09 -23.699400 133.941406 0.591
AS10 -23.696899 133.913895 0.607
AS11 -23.678301 133.897797 0.608
AS12 -23.666401 133.904404 0.607
AS13 -23.651899 133.894394 0.604
AS14 -23.651699 133.910294 0.620
AS15 -23.635599 133.912201 0.669
AS16 -23.636900 133.929993 0.676
AS17 -23.664400 133.991699 0.615
AS18 -23.690001 133.980804 0.592
AS19 -23.704399 133.962494 0.577
AS31 -23.666000 133.904007 0.607
