P03 702 -58.962 -25.677
P08 704 -56.190 -26.998
P21 712 -59.050 -25.718
P68 807 -57.432 -25.828 
P27 754 -57.535 -25.989
P24 715 -56.129 -26.625
P10 705 -57.893 -25.599
P22 714 -56.830 -25.411
P01 701 -56.248 -26.778
P14 709 -58.767 -25.349
P74 812 -55.977 -27.932 
P13 707 -56.315 -25.845
P28 720 -58.915 -25.561
P81 808 -57.154 -25.725 
P84 801 -55.897 -26.995
P07 703 -57.475 -25.685
P19 710 -57.941 -25.712
P25 716 -58.688 -25.275
P26 717 -57.970 -25.187
P29 722 -55.757 -27.172
P32 724 -57.907 -25.535
P33 725 -55.328 -28.098
P37 731 -59.652 -26.157
P38 732 -59.590 -26.235
P39 733 -58.653 -25.181
P41 735 -55.940 -28.186
P42 738 -55.982 -26.644
P86 804 -57.727 -25.138 
P93 800 -56.176 -26.508
P94 805 -56.019 -27.549
P95 803 -55.673 -26.954
P97 806 -58.747 -25.590
P87 820 -55.539 -26.558
P88 819 -56.556 -25.801
P89 817 -58.270 -29.735
P90 815 -55.211 -28.287
P91 814 -56.486 -25.572
P92 813 -55.764 -26.948
P98 821 -55.769 -27.273
P99 826 -56.170 -26.954
100 829 -57.945 -25.552
101 839 -56.219 -27.176
