P01-2 C 701 726 -56.248 -26.778  70.5
P03-6+ - 702 708 -56.190 -26.998  77.5
P07 C 703 721 -57.475 -25.685  33.0
P08-9-12 - 704 706 -58.962 -25.677  50.0
P11 C 705 729 -57.893 -25.599  33.0
P13 - 707 756 -56.315 -25.845  37.7
P14-15-36 - 709 730 -58.688 -25.275  33.0
P19 C 710 728 -57.941 -25.712  52.5
P21 S 712 718 -59.050 -25.718  33.0
P22-23-44 - 714 741 -56.830 -25.411  46.5
P24 C 715 758 -56.129 -26.625  33.0
P27 U 719 754 -57.535 -25.989  73.3
P29 - 722 740 -55.714 -26.921  33.0
P32 - 724 746 -57.907 -25.535  71.5
P35 S 727 752 -55.985 -27.078  69.9
P37 S 731 747 -59.652 -26.157  24.4
P38 S 732 750 -59.590 -26.235  44.4
P39 S 733 745 -58.653 -25.181  20.5
P40 S 734 742 -58.986 -25.697  66.5
P41 S 735 751 -55.940 -28.186 161.9