HI N.SYNH 144.2462 1143.8496 2063.0381 1143.8496 2063.0381 -0.66449
HI N.STNH 144.3791 1144.0896 2484.1208 1144.0896 2484.1208 -0.67293
HI N.SYSH 144.4338 1144.1796 3548.6309 1144.1796 3548.6309 -0.6675
HI N.STSH 144.4757 1144.2496 3141.3303 1144.2496 3141.3303 -0.66461
HI N.BKEH 144.527 1144.3296 2678.7114 1144.3296 2678.7114 -0.65499
HI N.NSTH 144.541 1144.3695 2027.8507 1144.3695 2027.8507 -0.67065
HI N.HNKH 144.631 1144.5296 2676.8533 1144.5296 2676.8533 -0.67385
HI N.KMZH 144.6836 1144.6195 4939.9014 1144.6195 4939.9014 -0.67368
HI N.BKWH 144.7284 1144.6995 3013.5774 1144.6995 3013.5774 -0.67714
HI N.MMBH 144.8114 1144.8296 3815.9375 1144.8296 3815.9375 -0.665
HI N.SCNH 144.8381 1144.8895 2526.4595 1144.8895 2526.4595 -0.6794
HI N.SRMH 144.8643 1144.9195 1953.8145 1144.9195 1953.8145 -0.66452
HI N.SCSH 144.898 1144.9895 3105.429 1144.9895 3105.429 -0.67689
HI N.BHRH 144.9228 1145.0295 3465.2695 1145.0295 3465.2695 -0.67431
HI N.YBNH 144.9807 1145.1096 3794.6851 1145.1096 3794.6851 -0.65523
HI N.TREH 145.0497 1145.2495 3184.9563 1145.2495 3184.9563 -0.67712
HI N.OPEH 145.1046 1145.3295 3353.79 1145.3295 3353.79 -0.66316
HI N.HTBH 145.1401 1145.3995 2255.291 1145.3995 2255.291 -0.67243
HI N.TRWH 145.1497 1145.4195 2676.0244 1145.4195 2676.0244 -0.67595
HI N.TRSH 145.1574 1145.4396 4991.231 1145.4396 4991.231 -0.68273
HI N.SFNH 145.1698 1145.4496 2778.7141 1145.4496 2778.7141 -0.6716
HI N.SFSH 145.1835 1145.4795 5157.6426 1145.4795 5157.6426 -0.678
HI N.WNNH 145.2027 1145.6495 3949.5461 1145.6495 3949.5461 -0.81526
HI N.OUMH 145.2496 1145.6795 1835.5868 1145.6795 1835.5868 -0.76495
HI N.UNSH 145.2584 1145.6595 3440.1501 1145.6595 3440.1501 -0.72982
HI N.AYEH 145.2843 1145.6795 3674.1685 1145.6795 3674.1685 -0.70538
HI N.ANSH 145.2947 1145.6695 3752.9968 1145.6695 3752.9968 -0.67768
HI N.TUNH 145.3125 1145.8695 2127.2639 1145.8695 2127.2639 -0.84729
HI N.RBSH 145.3509 1145.9896 4277.9136 1145.9896 4277.9136 -0.90155
HI N.NTBH 145.3543 1145.9695 2255.6599 1145.9695 2255.6599 -0.87561
HI N.WNEH 145.3662 1145.9996 5175.1924 1145.9996 5175.1924 -0.88532
HI N.RKBH 145.3666 1145.7895 2851.1064 1145.7895 2851.1064 -0.67477
HI N.OKEH 145.3765 1145.8495 2788.4785 1145.8495 2788.4785 -0.71767
HI N.HNBH 145.3878 1146.0395 4998.6304 1146.0395 4998.6304 -0.88829
HI N.BFEH 145.3912 1146.0296 1924.6874 1146.0296 1924.6874 -0.87258
HI N.TUSH 145.396 1146.0095 2006.1122 1146.0095 2006.1122 -0.84432
HI N.SNNH 145.4099 1145.8595 1607.1151 1145.8595 1607.1151 -0.67055
HI N.SWEH 145.4177 1146.0695 1447.4161 1146.0695 1447.4161 -0.86727
HI N.ONPH 145.4379 1146.0895 2336.0864 1146.0895 2336.0864 -0.85259
HI N.SNSH 145.4502 1145.9396 3122.7981 1145.9396 3122.7981 -0.68151
HI N.WNWH 145.4883 1146.2295 3109.6638 1146.2295 3109.6638 -0.90641
HI N.TYTH 145.5 1147.8595 3076.5444 1147.8595 3076.5444 -2.5164
HI N.SWWH 145.5129 1146.0996 2564.9001 1146.0996 2564.9001 -0.73432
HI N.HBTH 145.5995 1146.2095 1626.0336 1146.2095 1626.0336 -0.69595
HI N.BFWH 145.61 1146.4995 3051.7444 1146.4995 3051.7444 -0.96802
HI N.AYWH 145.629 1146.4796 2264.4497 1146.4796 2264.4497 -0.9155
HI N.KKAH 145.6916 1146.5895 1537.2552 1146.5895 1537.2552 -0.91825
HI N.TYRH 145.8307 1146.7995 1938.9077 1146.7995 1938.9077 -0.89025
HI N.WSMH 145.9019 1148.0895 418.75995 1148.0895 418.75995 -2.0583
HI N.HOSH 145.9789 1146.8396 273.68246 1148.0796 1541.4351 -0.67746
HI N.BEEH 145.9932 1146.8795 559.12738 1148.0095 2885.1255 -0.69326
HI N.SKSH 145.9937 1146.8695 314.58731 1147.9395 2020.2671 -0.68238
HI N.FGNH 146.0639 1146.9895 224.664 1148.1895 1111.6708 -0.68386
HI N.MMRH 146.0668 1146.9995 206.70749 1148.0995 801.79932 -0.68883
HI N.NFRH 146.1078 1147.0695 204.86897 1148.2895 960.33203 -0.68962
HI N.BEWH 146.113 1147.0695 310.92294 1148.3795 1476.807 -0.68081
HI N.ORWH 146.1582 1147.2396 501.55252 1148.4896 2043.2627 -0.77449
HI N.SHZH 146.1845 1145.9995 144.79538 1147.2095 484.77951 0.51002
HI N.FGSH 146.1885 1147.1995 511.72028 1148.4795 1909.1425 -0.68328
HI N.NUMH 146.1938 1147.1995 410.07318 1148.4795 1136.446 -0.67421
HI N.FRNH 146.2251 1147.2595 185.36061 1148.5395 1052.6051 -0.68152
HI N.SMPH 146.227 1147.2595 275.47986 1148.5595 1066.7023 -0.67818
HI N.TKIH 146.2366 1147.2696 262.47559 1148.3796 1139.4221 -0.67204
HI N.SUGH 146.3945 1147.5295 437.87946 1149.0395 2411.3135 -0.66538
HI N.MSAH 146.569 1147.8295 398.04309 1149.5295 1438.0856 -0.67218
HI N.BREH 146.5693 1147.8195 231.14661 1149.1995 497.70334 -0.66151
HI N.YUBH 146.6422 1147.9495 389.34094 1149.6295 1382.8066 -0.66898
HI N.TOBH 146.6473 1148.1595 363.29883 1149.8095 1634.167 -0.87044
HI N.KYMH 146.7239 1148.0895 376.3811 1149.8995 1680.9531 -0.67352
HI N.OIWH 146.8246 1148.2496 193.27167 1149.9796 596.19843 -0.66669
HI N.CTSH 146.9231 1148.4795 454.84888 1150.4495 1583.9684 -0.73356
HI N.AMAH 146.9288 1148.5895 358.70602 1150.7195 628.47681 -0.83389
HI N.SOIH 147.2871 1149.0996 709.42712 1151.3396 2459.2139 -0.75046
HI N.AGWH 147.2881 1149.0096 485.62772 1151.3896 2712.2073 -0.65885
HI N.FBRH 147.3108 1149.0595 208.28368 1151.4595 1592.097 -0.67106
HI N.CCNH 147.368 1149.1295 304.47699 1151.5395 2002.6453 -0.64634
HI N.KMBH 147.3869 1149.1495 138.36462 1151.4595 913.84851 -0.63499
HI N.OHTH 147.4069 1149.2695 402.31949 1151.5795 2007.1249 -0.7219
HI N.KYOH 147.4692 1149.3195 301.52655 1151.8595 1656.0721 -0.66862
HI N.MKRH 147.489 1149.3496 337.48538 1151.8296 2066.3181 -0.66597
HI N.TOMH 147.4921 1149.3495 248.01802 1151.8495 1912.2375 -0.66079
HI N.MRRH 147.5842 1149.5595 391.40378 1152.0795 1618.014 -0.7182
HI N.RNKH 147.6384 1149.8195 610.91193 1152.4595 2142.4778 -0.88847
HI N.KMNH 147.7717 1149.8095 521.52142 1152.6695 2705.9685 -0.65753
HI N.SMMH 147.8602 1149.9596 517.23389 1152.8296 2277.8923 -0.66097
HI N.KHYH 148.1505 1150.4495 393.74316 1153.6195 1403.3098 -0.67384
HI N.OOMH 148.155 1150.4795 749.81409 1153.5095 2579.564 -0.69655
HI N.RKSH 148.1871 1150.4995 1023.1116 1153.6495 2564.2935 -0.66453
HI N.ASBH 148.2513 1150.6195 315.621 1153.8195 1255.4011 -0.68078
HI N.SAIH 148.2599 1150.6196 468.72742 1153.8096 1682.2451 -0.66706
HI N.KUCH 148.2759 1150.6595 898.63074 1153.8495 2750.6316 -0.68127
HI N.KJNH 148.3079 1150.7195 334.03217 1153.9095 891.44031 -0.68937
HI N.KUMH 148.3429 1151.0095 411.09793 1154.3395 867.633 -0.92283
HI N.NHJH 148.4185 1150.9995 492.72992 1154.2295 998.07751 -0.79076
HI N.KRMH 148.4437 1150.8995 416.75113 1154.2895 1263.5651 -0.65002
HI N.KJSH 148.4515 1150.9096 364.15036 1154.2696 937.83881 -0.64747
HI N.NWAH 148.4961 1151.1896 820.19421 1154.5796 2350.1104 -0.85534
HI N.TROH 148.504 1151.0595 251.54025 1154.5395 628.57031 -0.71246
HI N.TWEH 148.5376 1151.2396 838.52399 1154.6396 2488.469 -0.83833
HI N.KHEH 148.6013 1151.1495 374.38843 1154.6795 1117.0842 -0.64539
HI N.NHEH 148.6081 1151.3696 597.23425 1154.9096 1954.7404 -0.85445
HI N.YMDH 148.628 1151.2195 277.9325 1154.8295 582.44263 -0.67228
HI N.KZMH 148.6353 1151.2395 316.15387 1154.7595 746.53357 -0.68046
HI N.TWWH 148.6412 1151.3295 536.07825 1154.8795 2052.5884 -0.76078
HI N.IWZH 148.6415 1151.2395 370.53271 1154.7795 936.17084 -0.67043
HI N.SHGH 148.6449 1151.3996 684.17511 1154.8996 2767.7952 -0.82498
HI N.NHWH 148.7055 1151.4595 609.89215 1155.1195 2486.22 -0.78691
HI N.KANH 148.7603 1151.5095 459.29831 1155.2095 1123.6656 -0.7484
HI N.TTKH 148.7862 1151.6395 392.86935 1155.3395 1969.7963 -0.8365
HI N.IHEH 148.7905 1151.6796 513.1745 1155.4296 1682.2482 -0.86962
HI N.KASH 148.8027 1151.6695 331.67593 1155.4195 883.92731 -0.83978
HI N.KMIH 148.8039 1151.5595 370.21115 1155.2195 934.19299 -0.72784
HI N.TMYH 148.8049 1151.6996 315.99545 1155.3796 767.32587 -0.86633
HI N.KOSH 148.8086 1151.6996 399.09061 1155.3996 1861.783 -0.86047
HI N.KRIH 148.8331 1151.6196 588.37915 1155.2896 2593.085 -0.74077
HI N.ASRH 148.912 1151.8795 449.50412 1155.6995 2361.6414 -0.87324
HI N.OWNH 148.9716 1151.8695 521.45886 1155.5895 2266.332 -0.767
HI N.KZNH 149.0468 1152.1195 378.67868 1155.9695 1512.6603 -0.8954
HI N.ODTH 149.0594 1152.1396 507.06833 1155.9996 2464.4568 -0.89519
HI N.YHBH 149.106 1152.0795 479.33987 1156.0795 1254.3762 -0.75968
HI N.KKWH 149.109 1151.9995 315.98889 1155.8995 1004.1256 -0.67493
HI N.NYAH 149.113 1152.1695 539.01447 1156.1295 1789.6842 -0.83842
HI N.TOUH 149.1184 1152.0195 300.35788 1155.9895 912.42487 -0.67975
HI N.RZTH 149.1233 1152.1895 410.87268 1156.1395 1474.5374 -0.84185
HI N.SMTH 149.1394 1152.1495 366.55954 1156.1895 1178.5371 -0.77585
HI N.TSRH 149.1502 1152.2895 522.99969 1156.2395 2007.483 -0.89837
HI N.FKUH 149.1552 1152.1695 1048.4022 1156.2495 3292.1082 -0.77035
HI N.SZKH 149.1859 1152.3395 686.81335 1156.4195 1988.3306 -0.89076
HI N.HMNH 149.2517 1152.3995 505.82611 1156.5495 1507.1759 -0.84445
HI N.FSTH 149.268 1152.3395 602.40759 1156.4395 1762.7063 -0.75798
HI N.HMSH 149.2807 1152.2895 448.43427 1156.4095 1396.9575 -0.68759
HI N.FSWH 149.3292 1152.3795 260.80127 1156.5095 940.62085 -0.69923
HI N.NSNH 149.3302 1152.5495 453.91318 1156.7995 2453.0007 -0.86765
HI N.ANIH 149.3477 1152.5595 428.36298 1156.7995 1865.5647 -0.85012
HI N.KGSH 149.3811 1152.7096 513.03601 1156.8396 1934.4559 -0.94762
HI N.TOWH 149.3873 1152.5595 284.2865 1156.7695 1118.6555 -0.78778
HI N.NSSH 149.4177 1152.7195 425.25369 1157.0395 2309.0698 -0.90004
HI N.NSEH 149.4499 1152.7996 442.73938 1157.1196 2276.0818 -0.92945
HI N.GJOH 149.5027 1152.7795 399.31522 1157.2295 1782.7206 -0.82613
HI N.ICEH 149.5085 1152.8795 485.87036 1157.1795 2487.5906 -0.9171
HI N.KWAH 149.5101 1152.6295 283.43863 1157.0995 1402.4701 -0.66466
HI N.KAKH 149.514 1152.6595 212.34776 1156.9695 830.60938 -0.68847
HI N.HNRH 149.5905 1152.9996 456.51974 1157.4696 2628.0261 -0.90815
HI N.TAJH 149.6584 1152.8896 406.68948 1157.3996 1784.61 -0.69131
HI N.OMRH 149.706 1152.9395 404.57193 1157.5595 1905.6073 -0.6663
HI N.YUZH 149.7398 1153.0395 382.80957 1157.6095 1649.8912 -0.71321
HI N.OGAH 149.772 1153.2496 6.0836143 1158.0996 30.237246 -0.87262
HI N.NRKH 149.7986 1153.2995 224.66772 1157.9595 1072.3577 -0.88067
HI N.OGCH 149.8372 1153.3496 346.6998 1158.1296 1816.5475 -0.86997
HI N.ONDH 149.8591 1153.3995 359.65497 1158.0495 1184.1711 -0.88547
HI N.CHKH 149.9041 1153.3895 414.67209 1158.2095 1919.3092 -0.80479
HI N.MGMH 149.9397 1153.5095 503.98108 1158.3895 2694.3997 -0.86862
HI N.YJMH 149.9464 1154.8396 643.90924 1159.6996 2288.7327 -2.1882
HI N.IWNH 150.0557 1153.4996 265.54126 1158.3796 1308.3501 -0.67622
HI N.FGTH 150.0605 1153.6695 332.18182 1158.6695 1785.9438 -0.83872
HI N.YMMH 150.1099 1153.6196 359.07339 1158.4096 1428.3289 -0.71086
HI N.KWSH 150.1595 1153.8195 469.81027 1158.8295 2258.0815 -0.83293
HI N.TZWH 150.1695 1153.7995 258.2774 1158.9795 1243.9287 -0.79706
HI N.TDOH 150.2286 1153.7795 229.41165 1159.0395 1222.208 -0.68417
HI N.NMEH 150.2686 1153.9295 239.65096 1158.8595 1193.4713 -0.77118
HI N.SISH 150.2727 1153.8596 417.10587 1158.9596 2492.6931 -0.69491
HI N.TCKH 150.3446 1154.2095 330.5152 1159.5895 1767.446 -0.93437
HI N.YGTH 150.3705 1154.1795 379.84955 1159.4695 2638.2891 -0.86454
HI N.NKEH 150.3773 1154.1395 292.93478 1159.5795 1636.5858 -0.81419
HI N.KMYH 150.4418 1154.1595 227.29745 1159.5095 1798.6887 -0.73519
HI N.KMAH 150.4514 1154.1395 195.58257 1159.3595 1028.5048 -0.70054
HI N.MKJH 150.4617 1154.1496 147.89984 1159.3896 741.17865 -0.69487
HI N.NKWH 150.4871 1154.3396 336.11267 1159.9096 1926.4832 -0.84592
HI N.NYOH 150.5263 1154.2395 162.29691 1159.7095 1538.2804 -0.68569
HI N.FKSH 150.5513 1154.2796 215.49281 1159.7196 1713.4612 -0.68742
HI N.MRUH 150.5795 1154.3495 168.52538 1159.6495 1121.3092 -0.71403
HI N.THTH 150.5801 1154.3295 250.26752 1159.8795 2350.7119 -0.69315
HI N.ASAH 150.5952 1154.4695 209.15886 1160.1495 1829.9741 -0.80996
HI N.HTAH 150.6925 1154.4996 140.36745 1159.8996 796.09875 -0.69086
HI N.YNZH 150.7202 1154.7196 275.58481 1160.3996 2449.7261 -0.86825
HI N.INWH 150.7501 1154.6595 119.11617 1160.3095 1120.6963 -0.76241
HI N.IWWH 150.7908 1154.6796 208.80356 1160.2596 1598.2227 -0.72009
HI N.ONIH 150.8243 1154.6795 140.88921 1160.4695 1554.0696 -0.66861
HI N.AHIH 150.8381 1154.8195 236.23042 1160.7695 2765.083 -0.78752
HI N.YBKH 150.8612 1154.7595 338.93423 1160.4595 2665.6116 -0.69201
HI N.ATKH 150.9041 1154.8895 199.54585 1160.7795 1881.9208 -0.7562
HI N.NNMH 150.9063 1154.8295 220.1239 1160.5495 1481.4252 -0.69288
HI N.SKWH 150.9216 1154.8295 249.26543 1160.8095 2918.6687 -0.66951
HI N.NAZH 151.0042 1154.9596 179.67892 1160.9496 1988.1727 -0.6727
HI N.NGUH 151.0505 1155.0596 254.09239 1160.8896 1910.7456 -0.70178
HI N.TSTH 151.0557 1155.0995 190.42256 1161.0195 1605.8917 -0.73378
HI N.ATDH 151.0963 1155.2095 252.81572 1161.1795 1925.4053 -0.7814
HI N.SMGH 151.1556 1155.2695 180.20479 1161.2595 1505.7545 -0.75046
HI N.BTOH 151.203 1155.3095 169.52615 1161.0795 1245 -0.71787
HI N.TWAH 151.218 1155.3095 166.7162 1161.4895 1528.1597 -0.69479
HI N.JHKH 151.2207 1155.3295 176.89368 1160.9795 922.43506 -0.71077
HI N.OTWH 151.2508 1155.4995 374.12204 1161.4095 2131.5842 -0.83459
HI N.KMKH 151.3522 1155.4896 205.41942 1161.7696 1696.1438 -0.67132
HI N.UJEH 151.3575 1155.6795 354.57144 1161.5595 1693.3625 -0.85333
HI N.MRMH 151.3579 1155.4996 125.21073 1161.7596 981.16296 -0.67279
HI N.HGAH 151.3661 1155.5495 263.70285 1161.4095 1012.0839 -0.7103
HI N.YITH 151.3779 1155.5795 232.3683 1161.5195 1354.0519 -0.72273
HI N.IWSH 151.4064 1155.6295 246.27527 1161.5295 1260.9263 -0.72976
HI N.INAH 151.4394 1155.6895 178.86505 1161.8695 1454.7579 -0.74004
HI N.TDMH 151.4917 1155.7096 143.57083 1162.0196 908.46558 -0.68148
HI N.KMOH 151.4948 1155.7695 191.3844 1162.1995 994.96509 -0.73679
HI N.KYEH 151.4998 1155.7295 168.2252 1161.8495 1219.1309 -0.68935
HI N.IICH 151.5012 1155.7595 265.93054 1161.8195 1597.3853 -0.71718
HI N.UMYH 151.5089 1155.7695 272.04733 1161.8695 1641.9128 -0.71553
HI N.STDH 151.5149 1155.7295 219.62553 1162.1595 1163.8079 -0.66651
HI N.HMTH 151.6216 1155.9995 87.399536 1162.2495 743.95868 -0.77612
HI N.KYWH 151.6334 1156.0795 89.983521 1162.3395 506.26709 -0.83829
HI N.ISGH 151.6377 1155.9695 113.53859 1161.9995 387.86707 -0.72179
HI N.AWNH 151.6869 1156.0395 223.23135 1162.2095 1085.5081 -0.71786
HI N.NGOH 151.7359 1156.0895 354.76459 1162.5995 1074.4583 -0.69412
HI N.YNTH 151.7795 1156.1296 118.23416 1162.6396 672.07074 -0.66875
HI N.MUIH 151.8598 1156.2796 80.389954 1162.7396 387.33517 -0.69926
HI N.TBYH 151.888 1156.3396 153.73059 1162.6796 719.86298 -0.71761
HI N.TNEH 151.8937 1156.3195 182.87552 1162.8495 950.84613 -0.68912
HI N.KWNH 151.9679 1156.6196 211.95367 1163.2296 766.99115 -0.88006
HI N.SZWH 151.9694 1156.4195 208.99022 1162.9895 979.9809 -0.6777
HI N.KWTH 152.1319 1156.7196 142.53687 1163.2596 996.8551 -0.73837
HI N.TAYH 152.1437 1156.7095 258.56229 1163.4695 1354.9714 -0.71097
HI N.MAKH 152.2659 1157.0295 154.78601 1163.8595 430.42566 -0.85078
HI N.KIZH 152.2812 1156.9095 141.08739 1163.5695 928.07159 -0.7082
HI N.NGRH 152.3302 1156.9695 108.63727 1163.6895 682.94965 -0.69619
HI N.MKOH 152.4184 1157.3396 204.51442 1164.2596 456.06305 -0.93613
HI N.NKNH 152.4446 1157.1095 166.80566 1164.1095 489.57669 -0.66749
HI N.SMNH 152.4633 1157.2095 85.32592 1164.0995 227.07817 -0.73994
HI N.TUMH 152.4741 1157.2295 142.08978 1164.2095 710.34369 -0.74403
HI N.MKGH 152.5744 1157.6095 94.524559 1164.3795 190.15918 -0.97634
HI N.IGWH 152.6986 1157.4895 119.16854 1164.4195 225.43488 -0.67319
HI N.SUZH 152.7459 1157.5695 186.57144 1164.4795 450.10565 -0.68365
HI N.TKSH 152.7705 1157.6495 68.211433 1164.6295 141.10086 -0.72729
HI N.MMKH 152.7719 1157.6396 120.81962 1164.6196 470.01266 -0.71526
HI N.UCUH 152.875 1157.7495 174.98187 1164.8195 330.79572 -0.67429
HI N.FMIH 152.9212 1157.8995 111.2704 1164.9195 294.82565 -0.75754
HI N.CHNH 152.9897 1157.9595 131.19391 1165.0195 229.9478 -0.71895
HI N.YGDH 152.9971 1157.9296 139.96803 1164.9396 320.97614 -0.67822
HI N.UOZH 153.0332 1157.9895 167.56398 1165.1595 397.61432 -0.68614
HI N.MSTH 153.0559 1158.1495 94.500916 1165.1395 157.90367 -0.81344
HI N.AMZH 153.1253 1158.1296 173.42569 1165.3096 330.5032 -0.69352
HI N.TTNH 153.1344 1158.1796 68.211632 1165.3396 218.48993 -0.73034
HI N.HYKH 153.1439 1158.4796 218.82693 1165.6096 450.71735 -1.0167
HI N.TOYH 153.2056 1158.7695 142.34258 1165.5395 133.78697 -1.2177
HI N.KSOH 153.2714 1158.3395 85.731049 1165.5795 308.58783 -0.69265
HI N.TGIH 153.3084 1158.5595 125.72872 1165.7395 487.20892 -0.85943
HI N.KOKH 153.3232 1158.5395 116.18089 1165.8195 246.18706 -0.81807
HI N.HIMH 153.3419 1158.4095 153.8111 1165.7795 383.18384 -0.66142
HI N.YTOH 153.3617 1158.6295 197.47093 1165.9495 355.05878 -0.8535
HI N.TKGH 153.425 1158.5596 129.66879 1165.9296 263.77838 -0.69421
HI N.TOGH 153.5142 1158.8295 107.67497 1166.2595 323.14346 -0.83829
HI N.TBTH 153.5161 1158.7195 160.55383 1166.1695 405.09531 -0.72561
HI N.HRYH 153.7051 1158.9595 111.29267 1166.4095 129.86203 -0.69889
HI N.OKCH 153.827 1159.2795 186.34787 1166.8695 404.06372 -0.84678
HI N.YOTH 153.8806 1159.2095 96.189621 1166.6995 110.35305 -0.70107
HI N.IZUH 154.0166 1159.5495 164.21333 1167.3895 363.45883 -0.84906
HI N.EIHH 154.1609 1159.5895 101.2692 1167.4395 190.48598 -0.68546
HI N.HMAH 154.3705 1159.9095 39.345695 1167.9695 120.6175 -0.71346
HI N.OTAH 154.4488 1159.9895 117.03861 1167.9995 178.88255 -0.68617
HI N.TAGH 154.6271 1160.3796 136.38843 1168.5496 306.33115 -0.83185
HI N.TRGH 154.6369 1160.5096 150.04143 1168.6696 169.66333 -0.94842
HI N.MIKH 154.7905 1160.6995 229.78711 1169.1195 209.43739 -0.92777
HI N.GNOH 154.8004 1160.7295 280.69632 1169.1995 645.96014 -0.9442
HI N.HNOH 154.841 1160.7495 202.4014 1169.1995 270.32114 -0.90857
HI N.MASH 154.8887 1160.8095 211.09645 1169.3995 298.34995 -0.90317
HI N.OBMH 154.9435 1160.8895 180.02919 1169.3695 216.15056 -0.9082
HI N.OTUH 154.9617 1160.9495 171.12744 1169.4295 200.90517 -0.94303
HI N.SGRH 155.0595 1161.0995 160.63892 1169.8395 127.98168 -0.95916
HI N.TKHH 155.0895 1161.0995 190.70744 1169.6895 221.58626 -0.91786
HI N.MGWH 155.1062 1161.1795 161.50844 1169.9195 174.80135 -0.97501
HI N.INEH 155.1238 1161.2595 289.28189 1169.7495 338.57086 -1.031
HI N.YZEH 155.157 1161.0895 98.834633 1169.9395 63.087891 -0.81546
HI N.MYMH 155.1672 1161.2196 172.08762 1169.8596 190.39563 -0.93161
HI N.HYSH 155.2763 1161.3795 158.19218 1170.1195 114.53787 -0.94664
HI N.NDGH 155.3132 1161.3995 230.29121 1170.0695 267.78772 -0.91773
HI N.KTNH 155.3347 1161.4895 132.78676 1170.3995 122.43237 -0.97924
HI N.OWSH 155.3697 1161.2695 144.14235 1170.0295 89.693069 -0.71277
HI N.KAWH 155.3722 1161.3595 126.78645 1170.2295 97.147415 -0.79945
HI N.FKCH 155.4262 1161.5895 171.48601 1170.3495 144.18591 -0.9578
HI N.SSYH 155.4604 1161.6295 177.87854 1170.3995 135.90808 -0.95235
HI N.KRTH 155.4823 1161.6695 106.59444 1170.4395 117.69772 -0.96323
HI N.TISH 155.492 1161.5695 144.3421 1170.5295 127.82829 -0.85039
HI N.IZSH 155.5271 1161.7095 131.19295 1170.5595 87.43045 -0.94386
HI N.KSMH 155.57 1161.7795 135.72763 1170.4995 89.368965 -0.95685
HI N.SNTH 155.5905 1161.7595 161.61113 1170.6195 128.91278 -0.90963
HI N.KNHH 155.6077 1161.5695 92.799377 1170.4195 50.641205 -0.69682
HI N.TKEH 155.6405 1161.7995 113.62359 1170.6195 118.04508 -0.88337
HI N.KHOH 155.6433 1161.6695 133.91136 1170.5995 159.84378 -0.74958
HI N.TJOH 155.6846 1161.8795 218.23929 1170.8095 121.5134 -0.90477
HI N.KAMH 155.7007 1161.8995 141.39461 1170.7895 138.71736 -0.90341
HI N.NAGH 155.7477 1161.8495 197.70064 1170.9095 165.77953 -0.79107
HI N.HNZH 155.7822 1162.1095 121.27245 1170.9595 61.144123 -1.0052
HI N.TKWH 155.7907 1162.0895 134.71846 1170.9195 119.79095 -0.97395
HI N.IAMH 155.8057 1162.0795 359.67651 1171.0595 167.83405 -0.94399
HI N.NKTH 155.8191 1161.9095 152.40805 1169.7195 74.928749 -0.75618
HI N.TJRH 155.8234 1161.8995 76.816437 1169.7295 31.732567 -0.74045
HI N.HAGH 155.8899 1162.2595 131.64937 1168.9695 39.535591 -1.0122
HI N.YMSH 155.8977 1162.1795 131.9399 1171.1395 68.77021 -0.92181
HI N.KKGH 155.9247 1162.2595 206.92737 1171.2095 101.08676 -0.96605
HI N.NKMH 155.9355 1162.3096 192.91397 1171.2496 94.640289 -1.0017
HI N.OTOH 155.9674 1162.2595 196.51669 1171.2495 15.024865 -0.90928
HI N.SGUH 156.0411 1162.5095 172.55028 1171.5195 101.24718 -1.0615
HI N.NKOH 156.0443 1162.3495 209.34486 1171.3995 143.22711 -0.8972
HI N.CHZH 156.071 1162.4296 202.99147 1171.6396 164.30119 -0.9419
HI N.SSMH 156.0734 1162.4395 226.97371 1171.2995 74.853912 -0.94864
HI N.KTDH 156.0819 1162.3996 352.548 1171.5396 119.56324 -0.89737
HI N.HRKH 156.0938 1162.4995 159.39447 1171.6595 58.464508 -0.98156
HI N.OHAH 156.0957 1162.4395 246.18463 1171.5795 140.16467 -0.91912
HI N.AIOH 156.1615 1162.5596 225.91052 1171.6996 110.24963 -0.95179
HI N.INMH 156.1712 1162.6895 253.47678 1171.8195 161.14751 -1.0688
HI N.KMGH 156.2038 1162.5895 196.76759 1171.9795 78.324402 -0.92694
HI N.SYOH 156.2468 1162.6395 243.93161 1171.9695 165.50247 -0.92147
HI N.KSBH 156.251 1162.7395 111.18724 1172.0295 96.265434 -1.0161
HI N.AKSH 156.3358 1162.7896 265.86246 1172.0296 84.617058 -0.95717
HI N.HNSH 156.3374 1162.7495 244.13222 1172.2695 135.0881 -0.91504
HI N.SETH 156.4633 1162.8895 232.64468 1172.5095 175.21439 -0.89302
HI N.YBRH 156.4759 1162.9495 204.99339 1172.6295 100.80862 -0.93666
HI N.MZKH 156.4933 1162.9595 170.13341 1172.5995 118.29244 -0.92435
HI N.TKBH 156.5416 1162.9995 268.54089 1172.6095 155.84238 -0.90222
HI N.HINH 156.6336 1162.9595 181.67636 1172.6395 117.25463 -0.74381
HI N.OKYH 156.6364 1163.1795 245.90741 1172.8295 161.91571 -0.96027
HI N.HKBH 156.657 1163.0595 271.79556 1172.8295 105.56351 -0.81379
HI N.HKTH 156.6797 1162.9995 178.54779 1172.6895 64.211029 -0.7246
HI N.HWSH 156.7054 1163.2196 165.65398 1172.9096 30.030655 -0.91158
HI N.TAMH 156.7234 1163.3495 134.69174 1173.0695 93.332214 -1.0184
HI N.MABH 156.7837 1163.3095 216.23236 1173.0895 125.38405 -0.9007
HI N.SGOH 156.791 1163.2595 120.66089 1173.0395 88.549644 -0.84141
HI N.TTAH 156.815 1163.1795 537.58423 1173.0295 334.76892 -0.73055
HI N.NITH 156.8375 1163.2495 173.29948 1172.9795 53.427746 -0.7716
HI N.AYKH 156.8457 1163.3496 147.37444 1173.2196 81.457924 -0.86105
HI N.SADH 156.8623 1163.2895 205.60881 1173.1095 69.597008 -0.77966
HI N.BSEH 156.8707 1163.3496 204.04333 1173.2996 116.15493 -0.82895
HI N.HIRH 156.8974 1163.3695 437.72049 1173.5295 204.91222 -0.81506
HI N.KNBH 157.0139 1163.5595 207.74887 1173.6195 94.427864 -0.86066
HI N.MNOH 157.0225 1163.4995 162.12242 1173.5595 55.926178 -0.79005
HI N.YSDH 157.0232 1163.3995 141.24123 1173.7695 70.957855 -0.68907
HI N.JNSH 157.0246 1163.4296 405.1431 1173.3896 165.14633 -0.71753
HI N.SDAH 157.0722 1163.4596 261.32687 1173.7096 145.46558 -0.68843
HI N.KTGH 157.0973 1163.5795 226.31978 1173.6095 137.12602 -0.77728
HI N.KTWH 157.1379 1163.8396 176.01431 1173.7596 91.661736 -0.98702
HI N.NMKH 157.1632 1163.6696 177.64455 1174.1296 120.39477 -0.78567
HI N.SINH 157.2211 1163.7395 190.33066 1173.9595 63.506599 -0.78382
HI N.MIGH 157.224 1163.7895 349.56485 1174.1695 97.229874 -0.83031
HI N.KSAH 157.2386 1163.7495 309.76224 1174.0095 100.17342 -0.77207
HI N.OOCH 157.2773 1163.7196 149.42105 1173.9396 69.282188 -0.69418
HI N.DWAH 157.3326 1163.8196 283.83853 1174.1796 161.99924 -0.72557
HI N.HSMH 157.3427 1163.8195 123.29623 1173.0395 83.46595 -0.71307
HI N.MIHH 157.3849 1164.0395 238.26546 1174.5795 122.88985 -0.88073
HI N.GOTH 157.4728 1164.0396 106.34077 1173.8696 63.104691 -0.77174
HI N.IWAH 157.4786 1163.9495 167.56276 1173.4195 53.646717 -0.67462
HI N.GHKH 157.5339 1164.1395 210.79918 1174.8195 32.117935 -0.79602
HI N.SJOH 157.5694 1164.2195 148.09464 1174.6795 49.919609 -0.8321
HI N.GEIH 157.5869 1164.1995 236.52101 1175.2495 34.624401 -0.7902
HI N.KNGH 157.6173 1164.1796 226.53717 1174.7396 39.057014 -0.73268
HI N.TBRH 157.6289 1164.2396 245.03111 1174.6396 123.74 -0.77826
HI N.HRSH 157.6552 1164.3895 336.80145 1174.8995 93.207863 -0.89557
HI N.KURH 157.6907 1164.4096 249.42357 1175.1396 97.379028 -0.87174
HI N.SSKH 157.7629 1164.5495 289.74289 1175.3195 99.725189 -0.92207
HI N.MITH 157.8396 1164.6395 234.50346 1175.2695 136.78564 -0.91696
HI N.TBEH 157.9173 1164.5695 237.98962 1176.9195 84.185677 -0.75069
HI N.SKIH 157.945 1164.6695 275.96121 1177.2295 147.55063 -0.81635
HI N.TSYH 158.0386 1164.8795 189.13165 1175.8895 102.20048 -0.91024
HI N.IKNH 158.0917 1164.9395 320.48468 1176.1795 104.22166 -0.9045
HI N.TMGH 158.1219 1164.7595 373.75684 1175.8295 117.84488 -0.68709
HI N.MICH 158.1225 1164.9196 199.80563 1176.3096 168.7269 -0.84645
HI N.MKWH 158.1735 1164.8795 188.20018 1176.2495 83.271362 -0.74535
HI N.SYTH 158.2311 1165.0495 292.12469 1176.2195 46.573448 -0.84626
HI N.MTMH 158.2333 1164.9495 305.64069 1176.5295 64.556572 -0.74369
HI N.TKJH 158.3687 1165.0295 169.12413 1176.6195 104.52381 -0.66136
HI N.IKTH 158.3932 1165.2796 294.73087 1176.3796 102.07018 -0.88197
HI N.TSMH 158.459 1165.3996 233.04066 1176.6496 105.33363 -0.92313
HI N.OOTH 158.4717 1165.4396 153.30698 1176.6196 94.449905 -0.948
HI N.HOFH 158.5478 1165.2696 178.25072 1177.0596 48.862148 -0.6879
HI N.MTOH 158.5755 1165.2696 205.58224 1176.9996 72.991631 -0.65591
HI N.NGTH 158.6161 1165.3296 145.47514 1176.7196 70.600349 -0.66929
HI N.MNEH 158.7819 1165.5496 180.85991 1177.3096 99.259811 -0.69823
HI N.TYUH 158.903 1165.7495 256.20731 1177.3095 111.03734 -0.75866
HI N.YMGH 158.9848 1165.7595 351.68359 1175.4995 135.36115 -0.67459
HI N.SIKH 159.0059 1165.9795 332.409 1177.9395 105.47522 -0.87013
HI N.KKYH 159.0291 1165.8295 221.54137 1176.3995 123.81035 -0.69341
HI N.NTHH 159.0994 1165.9096 212.55553 1175.9196 25.738131 -0.69255
HI N.BZNH 159.1081 1165.8995 352.42932 1175.4695 140.95084 -0.67242
HI N.MIEH 159.1647 1165.9896 154.59235 1178.1396 95.058662 -0.69734
HI N.UMEH 159.1827 1165.9795 154.61867 1178.0695 103.44792 -0.66653
HI N.SNIH 159.244 1166.0696 255.71056 1179.0596 66.846169 -0.68602
HI N.KIGH 159.2664 1166.2896 227.70721 1178.4696 125.14901 -0.88013
HI N.SGWH 159.2684 1166.0895 248.78046 1176.9195 78.998535 -0.67791
HI N.YGNH 159.2856 1166.1095 181.00917 1178.0895 115.39316 -0.67798
HI N.UMWH 159.2863 1166.1095 108.45843 1178.5195 35.479176 -0.67722
HI N.TAKH 159.3024 1166.1296 169.67026 1178.2196 59.588654 -0.67878
HI N.KIWH 159.3878 1166.2995 378.74911 1178.6495 108.03467 -0.75031
HI N.KAHH 159.3895 1166.2395 366.56119 1178.2795 84.065033 -0.68839
HI N.WKMH 159.3959 1166.2695 206.50421 1178.4995 32.931454 -0.71105
HI N.NMNH 159.4333 1166.2895 223.31639 1178.4495 99.498146 -0.68793
HI N.OGNH 159.4406 1166.1996 177.89174 1177.6496 90.754463 -0.58958
HI N.UMIH 159.5109 1166.3696 182.9826 1178.5596 70.723434 -0.67865
HI N.HYGH 159.5193 1166.4095 135.58099 1178.6595 97.949577 -0.70882
HI N.ASVH 159.5714 1166.3995 190.49333 1178.6595 86.279953 -0.63885
HI N.TARH 159.5749 1166.4395 184.42433 1178.6995 47.40749 -0.67474
HI N.HKSH 159.5993 1166.4695 217.10007 1178.7295 80.106323 -0.67667
HI N.GKSH 159.6065 1166.4795 160.03078 1178.9795 48.205147 -0.6785
HI N.TGOH 159.6092 1166.4895 133.5603 1178.9095 101.14655 -0.6853
HI N.MRTH 159.6095 1166.4696 100.34069 1179.8996 48.823624 -0.66512
HI N.KWMH 159.6455 1166.6495 275.16919 1178.9195 183.04617 -0.80343
HI N.KKCH 159.6709 1166.5695 195.54973 1178.9895 73.432526 -0.6943
HI N.KHKH 159.6943 1166.5795 194.03661 1178.3595 56.592308 -0.6773
HI N.HSFH 159.7276 1166.7695 299.93427 1177.7695 123.75365 -0.82895
HI N.YABH 159.7458 1166.6396 196.73842 1179.0596 102.94621 -0.67816
HI N.NANH 159.7545 1166.6496 235.97906 1179.1696 77.019569 -0.67813
HI N.SBAH 159.7931 1166.7195 153.68724 1179.1195 38.964695 -0.70351
HI N.FJIH 159.8116 1166.7695 200.63745 1179.1695 64.590721 -0.73224
HI N.NRAH 159.889 1166.8095 180.06744 1179.3795 44.261383 -0.68306
HI N.IZMH 159.9218 1166.8395 191.32437 1179.1595 73.345985 -0.67529
HI N.KTMH 159.9219 1167.0595 381.9111 1179.5695 118.95365 -0.89509
HI N.TYNH 159.9408 1166.8695 191.0918 1180.8395 49.975761 -0.68344
HI N.CZEH 159.9716 1166.9196 230.88501 1178.8696 41.535362 -0.69799
HI N.SRIH 160.039 1167.3196 489.38239 1179.9196 217.20686 -1.0221
HI N.SUKH 160.0704 1167.0195 330.75403 1179.4295 61.404884 -0.68713
HI N.UWEH 160.0744 1167.0296 370.56894 1179.6096 61.313972 -0.69278
HI N.MSMH 160.0786 1166.9995 339.23056 1179.8595 80.725052 -0.65804
HI N.NCNH 160.1299 1169.8395 351.33533 1179.5195 118.32076 -3.4422
HI N.IMRH 160.1313 1167.1795 310.42468 1179.4295 132.11064 -0.7807
HI N.TKKH 160.1833 1167.3095 371.37674 1180.1995 159.0522 -0.85516
HI N.HYOH 160.2025 1167.1595 350.47522 1181.2695 63.586838 -0.68465
HI N.MJSH 160.233 1167.2795 324.24628 1180.8195 33.455021 -0.77206
HI N.MJNH 160.2523 1167.1996 288.31076 1179.2596 46.062733 -0.6715
HI N.ASKH 160.2617 1167.2295 243.97791 1179.5895 47.606052 -0.69131
HI N.SBSH 160.2652 1167.4896 464.81961 1180.4496 55.748035 -0.94769
HI N.KKIH 160.3774 1167.5196 396.95276 1180.2996 50.573025 -0.85769
HI N.OSUH 160.3844 1167.3895 303.82733 1180.1895 38.064907 -0.72019
HI N.HRDH 160.4516 1167.6996 641.30591 1180.7096 112.99075 -0.95847
HI N.MMTH 160.4789 1167.4596 499.13834 1181.7496 93.048729 -0.68929
HI N.UCNH 160.4848 1167.7795 243.51907 1181.1695 55.121323 -1.0029
HI N.NGSH 160.4973 1167.4595 214.07236 1180.9595 114.7514 -0.6696
HI N.SNWH 160.5181 1167.5096 301.47229 1180.1796 119.00818 -0.6973
HI N.MYJH 160.535 1167.5195 280.67972 1179.7095 58.404934 -0.68916
HI N.KDIH 160.5633 1167.5995 337.82971 1179.3495 208.34129 -0.73903
HI N.AIRH 160.5691 1167.5395 232.44725 1179.7395 76.03186 -0.67268
HI N.NSMH 160.6555 1167.6595 451.32468 1181.2495 162.48607 -0.70056
HI N.SENH 160.6762 1167.6695 303.78397 1180.1895 106.84654 -0.68834
HI N.KORH 160.6867 1167.6795 16.464474 1179.5295 3.6769717 -0.68705
HI N.SATH 160.8557 1167.8195 207.22607 1179.1395 56.096478 -0.64643
HI N.CRNH 160.8886 1167.8995 245.0199 1179.4195 63.723591 -0.69128
