HI N.CRNH 151.5294 1165.5695 136.6689 1172.2395 976.8644 -0.95327
HI N.KORH 151.833 1165.9696 279.87149 1172.9196 918.908 -0.89681
HI N.OSUH 151.8983 1166.0995 192.28423 1173.1295 614.2128 -0.92852
HI N.SENH 151.9229 1166.0696 196.16173 1173.1296 732.5624 -0.86217
HI N.KDIH 152.0008 1166.0896 311.00302 1173.0896 873.5142 -0.76729
HI N.MJSH 152.0801 1166.3195 326.86823 1173.4595 517.1669 -0.88056
HI N.MYJH 152.0829 1166.2295 161.00241 1173.4595 534.2205 -0.78636
HI N.NSMH 152.1227 1166.3695 295.25766 1173.5495 717.2119 -0.86768
HI N.MJNH 152.1552 1166.3995 106.5984 1173.5495 515.5308 -0.84986
HI N.SNWH 152.2891 1166.6096 282.86523 1173.9496 649.7162 -0.86262
HI N.SUKH 152.3575 1166.7495 109.4067 1174.0995 499.3658 -0.90174
HI N.ASKH 152.4115 1166.7695 85.792969 1174.1795 345.9371 -0.84212
HI N.UWEH 152.4659 1166.7795 253.44818 1174.2895 515.0665 -0.77208
HI N.NGSH 152.5174 1166.9496 190.26422 1174.5196 675.7418 -0.86621
HI N.NRAH 152.5462 1166.9595 80.971077 1174.4295 347.973 -0.83364
HI N.MSMH 152.7037 1167.1595 115.34367 1174.8495 363.8454 -0.8017
HI N.NANH 152.7062 1167.2295 136.72902 1174.9195 435.8707 -0.86797
HI N.IZMH 152.7077 1167.1796 83.678619 1174.6996 235.0135 -0.8158
HI N.TYNH 152.7835 1167.2796 90.750595 1174.8896 368.5859 -0.80409
HI N.TGOH 152.7877 1167.3096 248.20718 1174.8596 656.9073 -0.82801
HI N.HYGH 152.8354 1167.2695 80.236862 1174.6895 262.7226 -0.71764
HI N.SBSH 152.8785 1167.4196 251.09979 1175.1396 706.8486 -0.80408
HI N.YABH 152.8953 1167.4895 142.14008 1175.2095 527.2817 -0.84941
HI N.GKSH 152.9696 1167.5596 79.633263 1175.1596 214.2115 -0.81105
HI N.HKSH 153.0681 1167.7396 166.19931 1175.4396 473.639 -0.84908
HI N.ASVH 153.1655 1167.7496 91.804291 1175.4896 189.613 -0.71857
HI N.KIGH 153.1695 1167.8496 211.58673 1175.6896 563.3525 -0.81284
HI N.KHKH 153.1901 1167.6696 82.022575 1175.4796 384.3497 -0.60317
HI N.UMWH 153.2469 1167.8495 87.506088 1175.6395 216.9766 -0.70123
HI N.FJIH 153.29 1167.9396 120.56985 1176.0296 439.835 -0.72926
HI N.UMEH 153.3055 1168.0296 260.42578 1176.0696 599.285 -0.7969
HI N.HSFH 153.3138 1168.0295 209.2229 1176.0495 459.6183 -0.78479
HI N.TAKH 153.3194 1168.0995 174.59294 1176.0395 313.8582 -0.84674
HI N.OGNH 153.3348 1168.0995 223.40485 1176.1095 420.1763 -0.82449
HI N.MIEH 153.3993 1168.2295 145.24365 1176.3895 189.5115 -0.86159
HI N.TARH 153.4008 1168.1595 70.539116 1176.1095 201.3356 -0.7894
HI N.SIKH 153.4438 1168.3195 194.78578 1176.5195 886.1857 -0.88826
HI N.NTHH 153.5329 1168.4196 220.30768 1176.6996 595.8481 -0.86257
HI N.UMIH 153.5423 1168.3895 158.59898 1176.3595 229.8057 -0.8192
HI N.KIWH 153.5589 1168.3895 324.34464 1176.5795 691.2028 -0.79573
HI N.YGNH 153.5852 1168.3896 101.56928 1176.5996 333.0703 -0.7587
HI N.KAHH 153.6054 1168.4295 179.20529 1176.7095 503.2953 -0.7701
HI N.OOTH 153.6506 1168.5596 118.67471 1176.6096 263.387 -0.83644
HI N.SGWH 153.6606 1168.5195 130.58998 1176.8495 447.7366 -0.78219
HI N.WKMH 153.6806 1168.4395 195.81902 1176.6895 144.3428 -0.67387
HI N.BZNH 153.7842 1168.6195 139.95634 1176.9895 286.4186 -0.70765
HI N.TSMH 153.7953 1168.7396 149.35023 1176.9796 312.821 -0.81221
HI N.GENH 153.7984 1168.5795 178.98775 1177.0295 350.6941 -0.6476
HI N.NAKH 153.9469 1169.0195 183.19048 1177.1095 257.2361 -0.87816
HI N.IKTH 154.0895 1169.1796 172.68414 1177.6296 268.7819 -0.83681
HI N.HIYH 154.1322 1169.1995 178.91229 1177.6795 424.2139 -0.79658
HI N.TSYH 154.1356 1169.2496 185.05263 1177.7196 298.1235 -0.84184
HI N.TYUH 154.1966 1169.3995 140.384 1178.1795 161.97 -0.90564
HI N.KIKH 154.2222 1169.3795 154.15457 1177.9295 224.0996 -0.84949
HI N.MNEH 154.2527 1169.2495 240.08275 1177.9295 246.4028 -0.67638
HI N.KWBH 154.2679 1169.4895 138.90741 1178.0095 351.9102 -0.89489
HI N.SSKH 154.3478 1169.5995 184.38077 1177.8895 247.92 -0.89226
HI N.YNDH 154.387 1169.5295 161.89833 1178.2195 280.7047 -0.76803
HI N.MTOH 154.427 1169.6595 177.62459 1178.5795 116.8657 -0.84324
HI N.TBEH 154.4771 1169.6995 178.66219 1178.4095 264.1755 -0.81448
HI N.SYTH 154.507 1169.6395 145.34935 1178.2595 64.17838 -0.7135
HI N.IKKH 154.5339 1169.8695 164.77951 1178.5695 294.4981 -0.90677
HI N.MKWH 154.6366 1169.8896 131.15128 1178.7696 76.35622 -0.78594
HI N.GHKH 154.6626 1170.0095 140.04761 1178.7295 191.4608 -0.8702
HI N.IKNH 154.6757 1170.0195 142.62268 1178.8295 226.6818 -0.86227
HI N.TBRH 154.7402 1170.0595 262.58859 1178.9795 178.068 -0.81389
HI N.SJOH 154.746 1170.0896 169.94693 1178.9496 209.5449 -0.83602
HI N.KTGH 154.7569 1170.1395 161.50288 1178.9495 389.4565 -0.87093
HI N.MTMH 154.7646 1170.1195 264.21219 1179.0795 120.7503 -0.84043
HI N.MICH 154.7742 1170.1395 190.54485 1178.9695 118.0594 -0.84742
HI N.KURH 154.9456 1170.3595 110.37577 1179.3295 106.8333 -0.83241
HI N.SINH 154.9471 1170.3495 146.73175 1179.3895 272.2009 -0.8203
HI N.KYDH 155.069 1170.5696 143.48277 1179.6196 128.8302 -0.87329
HI N.HWSH 155.0925 1170.6195 135.59837 1179.6895 224.3372 -0.89098
HI N.MITH 155.1 1170.5095 276.26584 1179.6395 345.1054 -0.77082
HI N.HRSH 155.1364 1170.6095 128.71594 1179.6295 148.9951 -0.82095
HI N.MIHH 155.1547 1170.6795 173.30084 1179.9395 174.2855 -0.86579
HI N.SADH 155.1794 1170.6696 150.51364 1179.6496 205.2956 -0.8219
HI N.SSMH 155.211 1170.6195 166.95897 1179.5895 244.2503 -0.72865
HI N.MNOH 155.225 1170.7696 172.63577 1180.0096 191.9911 -0.85953
HI N.NMKH 155.2698 1170.8096 186.95851 1180.2196 115.4025 -0.83911
HI N.DWAH 155.2872 1170.7995 143.94519 1180.1895 144.9558 -0.80598
HI N.KTDH 155.3035 1170.8296 193.67052 1179.9896 269.4672 -0.81442
HI N.AYKH 155.3233 1170.8795 135.67194 1180.0195 138.5331 -0.83815
HI N.MIGH 155.325 1170.8095 193.92525 1180.2395 197.0706 -0.76577
HI N.KNGH 155.3287 1170.7595 349.6839 1180.3795 140.226 -0.71091
HI N.NKTH 155.3526 1170.9795 121.01361 1180.3895 157.4441 -0.89919
HI N.OTOH 155.3553 1170.8696 140.64998 1180.0196 153.2048 -0.78571
HI N.INMH 155.3618 1170.9395 185.75403 1180.1595 174.3133 -0.847
HI N.KSAH 155.4277 1170.9295 137.40436 1180.5495 101.4469 -0.74944
HI N.KNBH 155.4551 1171.0195 232.85451 1180.3395 204.2958 -0.80307
HI N.HSMH 155.4707 1170.9795 118.90781 1180.4095 105.2764 -0.74248
HI N.HRKH 155.5045 1171.0895 170.15308 1180.4595 149.6837 -0.80754
HI N.TAMH 155.5679 1171.2895 123.35229 1180.6795 171.7127 -0.92343
HI N.BSEH 155.6007 1171.2796 123.31863 1180.6096 165.7661 -0.86989
HI N.KTWH 155.6057 1171.2095 212.24478 1180.7995 65.61196 -0.79321
HI N.JNSH 155.6113 1171.2395 294.36255 1180.5995 152.9092 -0.81581
HI N.MABH 155.6239 1171.3296 145.56325 1180.8296 199.9464 -0.88915
HI N.TKWH 155.6243 1171.2596 112.016 1180.6796 167.9379 -0.81865
HI N.OOCH 155.6324 1171.1296 216.98512 1180.4796 182.8957 -0.67792
HI N.MHRH 155.664 1171.3896 226.42862 1180.8696 294.3689 -0.89578
HI N.NKMH 155.6789 1171.3996 163.48296 1180.6996 83.98068 -0.88614
HI N.TKEH 155.6889 1171.3396 173.10172 1180.7196 126.2436 -0.81283
HI N.WKYH 155.7446 1171.5196 285.47113 1181.7996 117.0116 -0.91885
HI N.HNZH 155.7491 1171.3695 116.8619 1180.9095 101.5318 -0.76282
HI N.TTAH 155.7724 1171.5095 321.18121 1181.3595 99.31517 -0.87195
HI N.OKYH 155.7818 1171.4995 137.06302 1180.9095 108.4382 -0.84951
HI N.SDAH 155.8194 1171.6196 324.47647 1181.1496 226.8818 -0.91964
HI N.SETH 155.8494 1171.6296 100.64187 1181.1296 130.9344 -0.88971
HI N.SGOH 155.8682 1171.5795 191.85159 1181.2295 199.9203 -0.81477
HI N.OWSH 155.8688 1171.5595 222.59048 1181.2895 137.7675 -0.79386
HI N.HKBH 155.869 1171.5395 199.42581 1181.0495 54.75952 -0.77367
HI N.TKBH 155.8852 1171.6495 137.13164 1181.0795 185.5918 -0.8622
HI N.NAGH 155.8942 1171.6895 160.86006 1181.1495 89.44872 -0.89016
HI N.HNSH 155.8965 1171.6696 164.65602 1181.3296 193.3623 -0.8672
HI N.TJRH 155.913 1171.6296 94.971092 1181.0996 102.3112 -0.80534
HI N.NITH 155.9459 1171.7496 291.25797 1181.4296 189.8479 -0.88163
HI N.KRTH 155.9964 1171.7295 117.81059 1181.6595 88.13151 -0.79469
HI N.AIOH 156.0229 1171.7795 179.8696 1181.5595 83.94506 -0.80938
HI N.HIRH 156.0285 1171.7696 365.70477 1181.5896 145.1919 -0.79205
HI N.KAWH 156.033 1171.8095 153.24866 1181.5495 97.86025 -0.82595
HI N.KMGH 156.0709 1171.8396 87.035385 1181.7596 129.8221 -0.80574
HI N.HKTH 156.0723 1171.8595 197.25658 1181.7695 149.3439 -0.82374
HI N.YBRH 156.1103 1171.9196 164.07269 1181.8296 142.7641 -0.83352
HI N.TISH 156.1463 1171.8795 130.85216 1181.6595 124.9025 -0.74559
HI N.SYOH 156.1597 1172.0896 76.31955 1180.9896 52.47447 -0.93782
HI N.HYSH 156.1632 1171.9895 78.435432 1182.0795 110.4015 -0.83316
HI N.SGUH 156.1697 1171.9595 135.89714 1181.9795 125.7837 -0.79449
HI N.MGWH 156.1904 1171.9796 270.2485 1182.1396 213.3524 -0.78708
HI N.KNHH 156.191 1172.0395 143.18457 1181.8795 145.3407 -0.84629
HI N.MZKH 156.2054 1172.0496 143.65662 1182.1996 103.1831 -0.83716
HI N.SMAH 156.2352 1172.0095 156.34428 1182.0195 171.0413 -0.75768
HI N.OHAH 156.2511 1172.0295 180.24425 1180.9895 102.6407 -0.75658
HI N.NKOH 156.2554 1172.1395 156.20273 1181.1595 91.94989 -0.86119
HI N.KSBH 156.287 1172.1295 177.68478 1182.5895 138.433 -0.81043
HI N.YMSH 156.3036 1172.2195 69.162292 1181.1795 51.5678 -0.87903
HI N.TJOH 156.322 1172.1995 240.85471 1182.0595 62.53399 -0.83536
HI N.CHZH 156.364 1172.2395 132.28653 1182.5695 121.8115 -0.82127
HI N.YZEH 156.3722 1172.2995 165.56584 1182.1595 113.417 -0.87078
HI N.KTNH 156.3807 1172.3095 180.65324 1182.4295 154.8503 -0.86991
HI N.MASH 156.4133 1172.2996 200.5688 1184.9996 160.5057 -0.81799
HI N.KAMH 156.4419 1172.3996 138.946 1185.9196 55.25805 -0.88127
HI N.SSYH 156.5338 1172.5395 187.14148 1182.7595 154.9895 -0.9029
HI N.SGRH 156.563 1172.5296 146.9062 1182.7596 84.84433 -0.85536
HI N.GNOH 156.6514 1172.6095 557.48322 1181.0895 245.7948 -0.82167
HI N.IAMH 156.6905 1172.6496 455.47833 1182.4296 110.4866 -0.81131
HI N.FKCH 156.71 1172.7195 259.23773 1183.1195 135.4108 -0.85625
HI N.HNOH 156.7346 1172.7495 228.13539 1183.2195 156.5225 -0.85447
HI N.IZSH 156.7554 1172.7796 205.53699 1183.0796 138.6483 -0.85783
HI N.MYMH 156.8005 1172.8895 129.52512 1183.3995 185.7436 -0.90978
HI N.OTUH 156.8794 1172.9496 148.2305 1183.3196 222.4537 -0.86826
HI N.NDGH 156.9012 1172.9495 223.22998 1183.6295 212.2675 -0.84027
HI N.TKHH 156.9844 1173.1095 205.31364 1183.7395 159.1076 -0.89428
HI N.TAGH 157.0192 1173.1296 170.25273 1183.6696 32.63198 -0.87128
HI N.OBMH 157.0293 1173.1395 162.12634 1182.3695 192.8338 -0.86861
HI N.KYSH 157.1445 1173.1795 106.20084 1183.5995 36.66533 -0.76578
HI N.HMAH 157.1557 1173.1795 33.121792 1183.2495 15.22736 -0.75204
HI N.MIKH 157.1671 1173.3096 237.28455 1183.8996 181.5105 -0.8678
HI N.TRGH 157.2909 1173.5095 154.44824 1182.8595 106.3972 -0.91444
HI N.HRYH 157.4505 1173.5395 153.60394 1182.2695 61.61037 -0.7465
HI N.YOTH 157.5093 1173.6296 216.44614 1182.0996 48.65889 -0.76361
HI N.OTAH 157.5843 1173.7995 210.48264 1181.4195 59.59751 -0.84064
HI N.TKGH 157.712 1173.8996 133.40117 1182.4696 120.6076 -0.78226
HI N.HYKH 157.7585 1173.9395 233.06445 1185.0895 109.5849 -0.76455
HI N.IZUH 157.7734 1174.0795 136.5881 1183.6995 40.81423 -0.88619
HI N.EIHH 157.8142 1174.1395 162.39606 1182.8995 105.3478 -0.89546
HI N.OKCH 158.0802 1174.3796 205.21248 1184.6796 89.33176 -0.80585
HI N.KSOH 158.1026 1174.1495 83.866753 1185.1495 43.50812 -0.54807
HI N.TTNH 158.191 1174.4495 61.983757 1185.0695 60.07896 -0.73854
HI N.CHNH 158.2025 1174.5095 136.04021 1184.3495 71.03263 -0.78476
HI N.FMIH 158.2062 1174.5296 172.05144 1186.7296 60.99963 -0.80031
HI N.MMKH 158.3039 1174.6395 193.2377 1186.8795 52.70699 -0.79307
HI N.TOGH 158.3377 1174.7595 203.36928 1186.7095 70.86952 -0.87268
HI N.KOKH 158.377 1174.6796 137.41115 1188.1996 53.30373 -0.74561
HI N.MSTH 158.4008 1174.7995 242.57219 1186.8995 101.166 -0.8371
HI N.NGRH 158.4242 1174.7996 100.03565 1186.4996 63.32921 -0.80896
HI N.IMIH 158.437 1174.8295 321.93448 1187.1295 485.3111 -0.82362
HI N.YTOH 158.4945 1174.9295 286.38385 1187.3095 99.0079 -0.85471
HI N.TBTH 158.5386 1174.9895 389.00781 1187.6295 174.2312 -0.86179
HI N.TKSH 158.5389 1174.9195 171.90982 1186.9995 107.8746 -0.79149
HI N.SMNH 158.6211 1174.9396 100.89429 1188.5096 50.11205 -0.71436
HI N.KIZH 158.6253 1175.0895 264.92258 1188.7695 46.15093 -0.85938
HI N.KWTH 158.6508 1175.0295 241.14091 1192.4095 162.7208 -0.76996
HI N.TOYH 158.6719 1175.0496 273.14047 1190.4096 165.653 -0.76576
HI N.HIMH 158.7174 1175.1795 202.70703 1190.2195 73.99302 -0.84336
HI N.TMOH 158.7194 1175.1796 503.41754 1193.8296 205.4869 -0.84108
HI N.UOZH 158.7901 1175.3696 280.58096 1194.1896 123.734 -0.94964
HI N.ISGH 158.8222 1175.3095 128.31781 1193.6995 41.2648 -0.85256
HI N.TBYH 158.8393 1175.2596 133.06242 1194.1496 36.18898 -0.78301
HI N.NKNH 159.0029 1175.4295 138.41017 1194.7495 63.26998 -0.76445
HI N.TAYH 159.0316 1175.5596 341.15186 1193.6496 120.0249 -0.86147
HI N.IGWH 159.0361 1175.5196 302.91861 1195.2696 89.87029 -0.81634
HI N.IWSH 159.1052 1175.6696 197.35614 1195.1196 84.02259 -0.88674
HI N.AWNH 159.1482 1175.6996 311.06918 1193.9096 56.38158 -0.86717
HI N.YZWH 159.1781 1175.6995 237.53253 1195.0595 64.08505 -0.83272
HI N.TNEH 159.1855 1175.7595 258.258 1193.1495 33.72364 -0.88416
HI N.UMYH 159.2182 1175.7795 271.76944 1194.7895 91.3576 -0.86655
HI N.JHKH 159.2223 1175.8095 198.62343 1191.0195 50.25044 -0.89178
HI N.HGAH 159.2589 1175.7995 447.62674 1192.0995 240.7324 -0.83953
HI N.MAKH 159.2999 1175.8896 319.41302 1193.1096 279.0974 -0.88236
HI N.IICH 159.3361 1175.9196 284.93713 1191.8196 90.20042 -0.87074
HI N.UJEH 159.3774 1175.9495 377.60049 1192.9295 277.4763 -0.85311
HI N.SZWH 159.402 1175.9896 454.58124 1194.8696 142.4494 -0.86481
HI N.KYWH 159.4202 1175.9695 146.05106 1195.3595 35.00865 -0.82392
HI N.BTOH 159.4611 1176.0295 204.72069 1192.9595 53.22873 -0.83679
HI N.MUIH 159.462 1176.0295 165.14627 1192.0795 35.72437 -0.83566
HI N.KYEH 159.4704 1176.0595 333.11331 1192.6895 59.19821 -0.85601
HI N.YITH 159.499 1176.0895 326.18704 1192.4595 63.95601 -0.85308
HI N.HMTH 159.5216 1176.0795 105.09029 1189.8095 57.89374 -0.81703
HI N.OTWH 159.5407 1176.1395 249.99991 1192.0295 146.8666 -0.8551
HI N.YNTH 159.619 1176.2195 181.98907 1193.1095 42.6273 -0.84485
HI N.INAH 159.712 1176.3695 402.23184 1192.5395 94.54135 -0.88779
HI N.IWWH 159.807 1176.4695 214.32961 1191.2095 76.79527 -0.87835
HI N.TDMH 159.8186 1176.4896 283.61041 1191.5496 80.83591 -0.88497
HI N.NGUH 159.8466 1176.5295 390.20883 1191.4295 152.7486 -0.89276
HI N.SMGH 159.8795 1176.5395 205.90117 1190.3795 58.66379 -0.86485
HI N.YBKH 159.9437 1176.7296 383.73639 1189.9496 261.6969 -0.98093
HI N.STDH 159.9539 1176.6095 327.21561 1189.6295 205.8934 -0.84927
HI N.NNMH 159.991 1176.7295 377.37817 1189.8695 72.81477 -0.92653
HI N.HTAH 160.0149 1176.6495 144.44138 1191.3895 32.36303 -0.81897
HI N.KMKH 160.0218 1176.7595 301.69861 1191.7795 75.03397 -0.92089
HI N.KMOH 160.0447 1176.6695 513.61761 1190.7095 340.1216 -0.80449
HI N.ATDH 160.0502 1176.7395 459.79077 1189.2295 101.4726 -0.86817
HI N.MRMH 160.109 1176.8395 203.09135 1191.8895 41.49979 -0.90238
HI N.KRYH 160.1099 1176.8395 280.89761 1190.6595 49.78849 -0.90138
HI N.TWAH 160.1678 1176.8896 278.90619 1188.7796 216.9708 -0.88725
HI N.TSTH 160.1834 1176.8695 422.32498 1192.6295 267.3943 -0.85047
HI N.MRUH 160.2666 1176.9995 164.49292 1190.7795 50.91944 -0.8916
HI N.MKJH 160.2925 1176.9795 148.06992 1190.7295 65.81724 -0.84387
HI N.NAZH 160.3139 1177.0295 280.77448 1191.8895 168.5169 -0.87096
HI N.INWH 160.3261 1177.0295 175.87482 1190.7095 45.18303 -0.858
HI N.ATKH 160.3335 1177.0595 238.92183 1190.7995 137.5854 -0.8801
HI N.KMAH 160.4466 1177.1095 144.09305 1189.6195 85.16298 -0.8091
HI N.FKSH 160.4885 1177.2895 169.62645 1189.6995 96.19 -0.94432
HI N.THTH 160.629 1177.4096 275.95981 1190.5096 93.19138 -0.9142
HI N.NYOH 160.7545 1177.4896 158.26022 1190.6596 27.19872 -0.86007
HI N.KMYH 160.7694 1177.4896 224.56366 1191.0696 98.09711 -0.8442
HI N.SISH 160.7763 1177.6195 273.09891 1191.4995 59.61555 -0.96668
HI N.IWNH 160.9336 1177.7196 186.44493 1191.6596 58.19796 -0.89854
HI N.KWSH 160.9479 1177.7296 399.81097 1190.4396 275.3844 -0.89326
HI N.NKWH 160.9792 1177.7795 287.65149 1189.8995 139.5795 -0.90977
HI N.ASAH 160.9982 1177.7595 354.28427 1190.5695 199.7336 -0.86952
HI N.TDOH 161.0767 1177.7595 28.84141 1192.5495 24.30032 -0.78554
HI N.ONDH 161.3609 1178.1595 171.93456 1193.1695 149.8188 -0.88182
HI N.TZWH 161.3704 1178.0795 430.33417 1190.9195 349.212 -0.79166
HI N.FGTH 161.3839 1178.1096 522.7962 1193.4496 277.3591 -0.80732
HI N.MGMH 161.4317 1178.2695 354.44043 1192.5595 233.5777 -0.9161
HI N.KAKH 161.4346 1178.2395 170.70557 1192.2195 29.66986 -0.88309
HI N.TAJH 161.442 1178.2095 343.22543 1191.3295 118.2371 -0.84513
HI N.NRKH 161.5936 1178.3995 170.67114 1191.5495 76.46832 -0.87305
HI N.OGCH 161.6689 1178.4795 342.76547 1191.9695 95.44833 -0.87256
HI N.TOWH 161.6881 1178.4396 146.24461 1191.2496 42.14585 -0.81201
HI N.CHKH 161.7101 1178.5495 311.7438 1190.6695 69.07 -0.89994
HI N.FSWH 161.7698 1178.5396 173.00769 1191.4096 63.23248 -0.83048
HI N.ICEH 161.7845 1178.5395 400.62125 1191.4795 278.7833 -0.81576
HI N.YUZH 161.862 1178.6696 457.42282 1192.1096 242.6923 -0.86844
HI N.KKWH 161.8892 1178.6995 189.62207 1191.8495 68.66164 -0.87128
HI N.HNRH 161.9071 1178.7395 320.9819 1191.4395 115.4222 -0.89332
HI N.RZTH 161.9696 1178.7595 261.05103 1191.1895 96.60504 -0.85098
HI N.OMRH 161.9942 1178.6795 362.39157 1190.7495 95.6975 -0.7464
HI N.KGSH 162.004 1178.7196 424.46539 1191.8696 145.2615 -0.77672
HI N.SMTH 162.0794 1178.8495 236.15858 1191.0895 51.5636 -0.83134
HI N.HMSH 162.1506 1178.9595 268.65616 1191.5595 92.19755 -0.87029
HI N.TOUH 162.2035 1178.9295 169.88699 1192.6995 99.28829 -0.78738
HI N.NSEH 162.2431 1178.9995 454.07947 1193.1695 130.7218 -0.81796
HI N.HMNH 162.2454 1179.0495 221.12787 1193.7395 124.6563 -0.86568
HI N.KMIH 162.269 1179.0496 156.74384 1194.3296 36.08674 -0.84219
HI N.KWAH 162.3131 1179.0295 259.73657 1194.9395 150.2566 -0.77806
HI N.SZKH 162.4094 1179.1895 366.62961 1194.2195 186.1558 -0.84198
HI N.KASH 162.4153 1179.1996 199.40677 1194.4396 74.855 -0.84619
HI N.YHBH 162.4187 1179.2495 226.16899 1195.2995 124.4728 -0.8927
HI N.NSNH 162.4767 1179.1395 268.74518 1195.9695 103.7181 -0.72487
HI N.YMDH 162.4843 1179.2395 180.07816 1193.3195 91.31763 -0.81715
HI N.KANH 162.5689 1179.3695 208.06496 1194.8295 43.77436 -0.86283
HI N.ANIH 162.5884 1179.2696 318.71909 1194.5696 76.17747 -0.74334
HI N.IWZH 162.7318 1179.4696 178.34903 1195.1196 82.27233 -0.80025
HI N.KZNH 162.7689 1179.5196 154.85838 1195.9796 82.17963 -0.81328
HI N.KZMH 162.838 1179.5495 135.56706 1193.7695 120.5494 -0.77414
HI N.TSRH 162.8773 1179.6595 431.12051 1194.8695 280.8876 -0.84545
HI N.ASRH 162.8784 1179.6295 285.45468 1195.5695 131.3641 -0.81441
HI N.IHEH 162.884 1179.7295 203.56007 1196.9795 107.7819 -0.90916
HI N.ODTH 162.9329 1179.6695 190.83118 1197.8695 42.45975 -0.80291
HI N.KJSH 163.0159 1179.7795 146.82776 1196.7295 82.90733 -0.83459
HI N.TTKH 163.042 1179.8395 221.1492 1196.3495 76.53941 -0.86982
HI N.NHEH 163.07 1179.8995 254.46516 1197.0195 139.0542 -0.90329
HI N.NYAH 163.0819 1179.6395 175.82085 1195.8795 91.28053 -0.63219
HI N.OWNH 163.0984 1179.8795 336.76562 1195.4995 66.19069 -0.85655
HI N.KOSH 163.1472 1179.9596 404.09296 1195.7696 32.32915 -0.89049
HI N.KRMH 163.1567 1179.9495 204.48271 1196.3495 62.96013 -0.87149
HI N.KJNH 163.2061 1180.0396 101.98582 1196.1496 43.52851 -0.91495
HI N.SHGH 163.2184 1180.0595 496.86118 1197.8195 174.7095 -0.92319
HI N.KRIH 163.2442 1178.2696 543.18811 1198.6296 226.8341 0.89118
HI N.NWAH 163.268 1180.0795 522.55817 1196.4495 154.1649 -0.89628
HI N.TWWH 163.3038 1180.0796 258.04724 1196.1496 90.20374 -0.86252
HI N.NHJH 163.5915 1180.4195 469.7066 1196.0695 163.1286 -0.93058
HI N.RKSH 163.7645 1180.5595 589.86194 1196.0095 212.6205 -0.91206
HI N.KUCH 163.9153 1180.6795 464.63052 1197.6695 257.8988 -0.89688
HI N.SAIH 164.0391 1180.7296 163.17003 1197.0896 105.2305 -0.836
HI N.ASBH 164.4233 1180.9895 207.10555 1196.7595 179.059 -0.75168
HI N.KUMH 164.4703 1181.1196 322.50894 1196.6596 359.7023 -0.83966
HI N.KHYH 164.7798 1181.3795 372.14084 1196.1495 288.8065 -0.83144
HI N.KMNH 165.0486 1181.5995 240.49641 1197.2995 153.4831 -0.8285
HI N.OHTH 165.2497 1181.8396 191.04652 1199.5396 97.7941 -0.9017
HI N.MKRH 165.2831 1181.9395 294.12964 1195.5895 149.921 -0.97391
HI N.KMBH 165.336 1181.9195 127.02828 1195.4395 74.32296 -0.90998
HI N.CCNH 165.4589 1181.9295 171.06596 1197.8595 131.7258 -0.81804
HI N.MBEH 165.5418 1181.9895 261.54205 1198.8095 100.2324 -0.80933
HI N.AGWH 165.5813 1182.0595 581.86108 1196.7895 213.0215 -0.84651
HI N.BRWH 165.6139 1181.8695 234.74704 1198.0995 119.5106 -0.62953
HI N.CTSH 165.6315 1181.9895 552.75488 1199.8395 221.6949 -0.73501
HI N.TKIH 165.6325 1182.0695 313.59122 1201.7395 108.1206 -0.8141
HI N.BREH 165.6611 1182.1295 372.08823 1200.3495 150.9421 -0.85032
HI N.HOBH 165.7455 1182.2296 211.64841 1199.3696 70.73785 -0.88031
HI N.YUBH 165.8278 1182.3195 129.92015 1199.8795 80.99393 -0.90217
HI N.SHZH 165.9367 1182.1496 63.469849 1200.3596 63.31897 -0.64188
HI N.MMRH 165.9957 1182.4495 335.80536 1199.2195 135.877 -0.89279
HI N.MSAH 166.0189 1182.4495 240.88315 1199.6195 88.16483 -0.87362
HI N.TYRH 166.0249 1182.4195 706.96155 1201.0595 134.3115 -0.83859
HI N.SMPH 166.0381 1182.4395 162.07375 1202.3795 43.79218 -0.84759
HI N.SKSH 166.2278 1182.4896 141.5502 1202.3496 54.99942 -0.74946
HI N.FRNH 166.2664 1182.5796 198.16768 1202.7696 84.98436 -0.81014
HI N.SUGH 166.2853 1182.6295 362.63959 1202.4195 183.6575 -0.84566
HI N.NFRH 166.3272 1182.5096 122.48059 1203.5696 65.72779 -0.69378
HI N.HBTH 166.3416 1182.6095 397.6459 1201.0995 71.59429 -0.78288
HI N.SKNH 166.385 1182.6995 263.00674 1201.1495 55.66473 -0.83977
HI N.BEWH 166.4115 1182.7395 161.64368 1202.1795 88.43254 -0.85964
HI N.SNNH 166.4397 1182.7295 251.70042 1200.9595 67.18037 -0.82813
HI N.AYWH 166.4413 1182.7095 418.47949 1202.1495 109.2976 -0.80689
HI N.BEEH 166.4587 1182.7695 232.34554 1201.9695 62.70687 -0.85358
HI N.TREH 166.6094 1182.8696 562.22314 1202.8296 247.1528 -0.83904
HI N.FGNH 166.6412 1182.8495 223.31911 1201.4995 40.93197 -0.79485
HI N.AYEH 166.6524 1182.9295 489.24866 1202.5095 92.94672 -0.8663
HI N.SCSH 166.6538 1182.8495 273.20883 1201.5595 270.5142 -0.78516
HI N.RKBH 166.6863 1182.9595 469.03925 1201.5895 41.26644 -0.87043
HI N.HNKH 166.7314 1182.9695 317.01392 1203.0395 49.81859 -0.84609
HI N.ANNH 166.7443 1182.8295 272.62616 1200.6995 194.2142 -0.6963
HI N.OKEH 166.8048 1183.0795 320.14545 1199.1495 49.22368 -0.90022
HI N.SCNH 166.8079 1182.9796 381.13535 1198.7796 344.5442 -0.79793
HI N.WSMH 166.8148 1183.0395 94.079399 1199.6695 36.07131 -0.85262
HI N.KKAH 166.8291 1183.0395 304.56989 1200.8195 130.9195 -0.84177
HI N.BKWH 166.8472 1183.0495 686.7121 1202.7695 229.5563 -0.838
HI N.RBSH 166.8919 1183.0795 314.83969 1202.1595 83.63194 -0.83388
HI N.STKH 166.9049 1183.1396 377.0546 1200.5496 158.4644 -0.88406
HI N.HOCH 166.9062 1183.0696 246.80988 1201.1996 45.55353 -0.81309
HI N.BKEH 166.9156 1183.1195 826.46631 1201.2195 393.4649 -0.85582
HI N.BHRH 167.0394 1183.1295 491.99533 1201.0395 339.4706 -0.77158
HI N.TUSH 167.1348 1183.1696 200.30707 1202.1296 77.72721 -0.73953
HI N.STSH 167.1549 1183.2596 361.08139 1200.1996 130.7086 -0.81499
HI N.SWWH 167.2016 1183.3495 472.96225 1199.9695 146.8617 -0.87091
HI N.MMBH 167.2238 1183.2895 178.71982 1200.3695 129.8306 -0.79464
HI N.TUNH 167.2238 1183.3296 270.12711 1200.2196 32.77176 -0.83469
HI N.SWEH 167.2639 1183.3495 169.14366 1202.5595 88.71301 -0.82543
HI N.STNH 167.2709 1183.3595 463.76913 1202.1295 338.0262 -0.83049
HI N.BFWH 167.272 1183.3395 466.12952 1204.4695 188.3332 -0.80959
HI N.NYRH 167.2758 1183.4195 552.28741 1204.1895 324.6515 -0.88694
HI N.SRMH 167.3278 1183.3295 216.15482 1201.4595 129.6167 -0.75965
HI N.YBNH 167.3783 1183.5396 1535.4268 1203.5696 852.2518 -0.93347
HI N.BFEH 167.4263 1183.5395 419.07672 1203.3495 70.48717 -0.89897
HI N.OPWH 167.4274 1183.5295 410.82135 1205.4595 81.31054 -0.88826
HI N.OPEH 167.4452 1183.5195 256.98685 1203.9295 121.1484 -0.86544
HI N.OUMH 167.4771 1183.5095 169.33385 1202.1695 64.90406 -0.83263
HI N.SYNH 167.5334 1183.6095 305.44476 1201.3795 41.79707 -0.89236
HI N.UNSH 167.6125 1183.6395 339.33069 1203.2495 211.7686 -0.86935
HI N.UNNH 167.685 1183.7096 556.27759 1202.7796 183.6048 -0.89085
HI N.HTBH 167.8926 1183.8295 417.68256 1204.0395 136.0879 -0.87149
HI N.SFSH 167.94 1183.9695 1528.2354 1204.2595 917.3255 -0.97976
HI N.SFNH 168.0163 1183.8396 478.26617 1205.8696 211.0407 -0.79868
