HI N.MMRH 147.1019 1137.8333 251.55531 1140.0033 646.65509 0.11003
HI N.NFRH 147.1278 1138.1408 137.60135 1140.5208 600.59985 -0.15437
HI N.BEWH 147.129 1138.5132 191.42549 1141.0132 848.38 -0.52463
HI N.ORWH 147.1575 1138.4316 282.58887 1140.9216 1151.9822 -0.39569
HI N.FGSH 147.1975 1138.3283 300.60678 1140.8383 1086.7201 -0.2259
HI N.NUMH 147.1989 1138.2664 238.21088 1140.7064 754.46436 -0.16181
HI N.SHZH 147.2181 1137.5752 71.279625 1139.9452 325.56595 0.56139
HI N.FRNH 147.2434 1137.9205 117.49992 1140.5105 607.09222 0.25814
HI N.SMPH 147.255 1138.1733 180.78731 1140.6633 561.96802 0.024665
HI N.TKIH 147.2804 1138.2929 183.11815 1140.5929 719.63049 -0.052776
HI N.SUGH 147.4053 1138.511 230.01036 1141.241 1392.2821 -0.063216
HI N.NCPH 147.582 1139.3818 247.13361 1142.0418 856.39008 -0.64033
HI N.MSAH 147.5853 1139.0053 200.77425 1141.7953 978.56323 -0.25844
HI N.BREH 147.6013 1138.8233 181.31242 1141.4933 428.03146 -0.050149
HI N.TOBH 147.6566 1139.1871 136.88521 1141.9771 929.052 -0.32349
HI N.YUBH 147.6644 1138.994 232.45599 1141.884 882.84833 -0.11749
HI N.HOBH 147.667 1139.1941 197.03261 1142.0541 781.64294 -0.31348
HI N.MBEH 147.6995 1139.7942 198.50197 1142.4542 524.6275 -0.8604
HI N.BRWH 147.7076 1139.7458 229.20334 1142.5358 796.92474 -0.7988
HI N.KYMH 147.7426 1139.0021 253.69769 1141.8821 1229.6882 0.002253
HI N.OIWH 147.8472 1139.003 113.33936 1141.843 472.43192 0.17257
HI N.MBWH 147.9344 1140.2795 1021.2156 1143.4595 2151.9695 -0.96127
HI N.AGWH 148.2952 1140.1997 241.33357 1143.6597 1424.3198 -0.29084
HI N.FBRH 148.3126 1140.0111 142.14313 1143.5611 760.35254 -0.07388
HI N.CCNH 148.3779 1140.3755 175.27574 1143.8855 1117.9689 -0.33144
HI N.KMBH 148.4022 1140.123 80.105751 1143.613 534.70056 -0.039627
HI N.OHTH 148.4256 1140.4402 286.10925 1143.9002 995.49982 -0.31915
HI N.KYOH 148.4762 1140.3291 206.37993 1143.9191 894.80225 -0.12641
HI N.TOMH 148.4961 1140.415 166.77747 1143.975 958.10162 -0.18035
HI N.MKRH 148.5024 1140.4735 226.92076 1144.0335 1035.3549 -0.22864
HI N.MRRH 148.6069 1140.5931 208.82684 1144.1631 1074.8058 -0.1799
HI N.RNKH 148.6467 1140.9841 325.49512 1144.6541 1072.9553 -0.50696
HI N.TURH 148.6608 1140.6674 194.32201 1144.3974 945.68384 -0.16752
HI N.KMNH 148.7845 1141.0558 302.14349 1144.9658 1240.5446 -0.35666
HI N.SMMH 148.8656 1141.0488 207.07736 1144.9488 1148.2899 -0.21899
HI N.KHYH 149.1597 1141.2933 187.12291 1145.5133 758.53552 0.0095285
HI N.KAIH 149.1745 1141.9074 302.82855 1146.1774 796.28009 -0.58095
HI N.OOMH 149.1945 1141.5407 394.04095 1145.6807 1597.5458 -0.18258
HI N.ASBH 149.2748 1141.7445 164.64439 1145.9445 775.43024 -0.2592
HI N.SAIH 149.3013 1141.7357 227.58104 1145.9957 1026.7981 -0.20838
HI N.KUCH 149.3222 1141.7817 410.0636 1145.9117 1675.4956 -0.22126
HI N.KUMH 149.3598 1142.1826 222.49352 1146.3726 637.83734 -0.56259
HI N.SRUH 149.4465 1142.3528 274.5723 1146.4928 1003.6413 -0.5954
HI N.NHJH 149.4735 1141.9725 269.95108 1146.2925 824.76978 -0.1722
HI N.KRMH 149.5151 1141.8913 309.1011 1146.2513 937.62347 -0.025237
HI N.KJSH 149.5279 1141.7535 206.39355 1146.1935 722.1651 0.13288
HI N.NWAH 149.5616 1142.3672 549.97919 1146.7872 1636.5924 -0.42725
HI N.TROH 149.5889 1142.0558 195.47633 1146.4758 387.73126 -0.07263
HI N.KHEH 149.6735 1142.2494 249.55386 1146.7494 694.34412 -0.13218
HI N.NHEH 149.6779 1142.6066 416.53207 1147.0766 1282.038 -0.48257
HI N.TWWH 149.7006 1142.4446 246.03934 1147.0246 1358.5811 -0.28449
HI N.SHGH 149.7076 1142.6986 515.4234 1147.2586 1389.0802 -0.52735
HI N.KZMH 149.7129 1142.2897 228.9435 1146.7897 693.06683 -0.11006
HI N.NHWH 149.7731 1142.7996 361.18982 1147.5496 1492.4576 -0.52458
HI N.KANH 149.8442 1142.6224 212.75539 1147.2924 613.99561 -0.23472
HI N.TTKH 149.8514 1142.789 164.35342 1147.459 1212.8955 -0.38983
HI N.IHEH 149.8618 1142.9038 284.57983 1147.6938 953.08472 -0.4884
HI N.KOSH 149.8688 1143.1556 211.59863 1147.8256 1096.3805 -0.7293
HI N.TMYH 149.8832 1142.8117 188.67693 1147.4817 505.71387 -0.36321
HI N.KRIH 149.8884 1143.2274 407.53229 1147.9274 1478.3026 -0.77073
HI N.KASH 149.8909 1142.7225 164.5049 1147.4125 480.53305 -0.26207
HI N.KMIH 149.8971 1142.55 105.80717 1147.25 815.07922 -0.080076
HI N.ASRH 149.9798 1143.1191 146.47029 1147.9191 1531.4485 -0.52085
HI N.AJSH 150.0148 1143.4028 627.19763 1148.1428 1834.3152 -0.75017
HI N.OWNH 150.0283 1143.562 294.54697 1148.352 1446.8888 -0.88855
HI N.IKIH 150.0758 1143.5859 418.36987 1148.4859 782.1369 -0.83881
HI N.KZNH 150.1146 1143.313 181.73721 1148.273 970.47809 -0.50567
HI N.ODTH 150.12 1143.4126 207.74806 1148.3326 1417.3877 -0.59694
HI N.NYAH 150.1653 1143.706 296.71164 1148.676 993.98584 -0.82017
HI N.YHBH 150.1856 1143.0941 164.44069 1148.0641 877.18848 -0.17675
HI N.FKUH 150.2006 1143.4759 287.33255 1148.5559 1780.2744 -0.53525
HI N.TOUH 150.2054 1142.9081 160.12592 1147.9581 592.41351 0.039978
HI N.KKWH 150.2072 1143.1629 255.72099 1147.9929 571.81128 -0.21198
HI N.TSRH 150.21 1143.4461 170.17554 1148.4461 1085.1429 -0.49089
HI N.RZTH 150.2184 1143.1607 159.295 1148.1907 907.87433 -0.19241
HI N.SZKH 150.2634 1143.4874 309.08044 1148.5674 1514.9694 -0.44945
HI N.FSTH 150.3245 1143.8368 268.47339 1148.9768 1045.6862 -0.70403
HI N.HMNH 150.3334 1143.4502 266.22186 1148.5602 952.91815 -0.30364
HI N.HMSH 150.3651 1143.2857 307.38672 1148.4257 866.98529 -0.090042
HI N.NSNH 150.4005 1143.7884 215.73846 1149.0484 1331.6213 -0.53775
HI N.ANIH 150.4129 1143.7514 223.08087 1148.9914 968.25482 -0.48157
HI N.TOWH 150.4852 1142.9422 146.38979 1148.6722 721.96796 0.43973
HI N.NSSH 150.4909 1143.7633 146.82701 1149.0533 1309.1482 -0.37251
HI N.NSEH 150.5257 1143.6549 137.03371 1149.1249 1117.6667 -0.21024
HI N.GJOH 150.5673 1143.9854 267.25854 1149.4154 902.28827 -0.47626
HI N.KWAH 150.5811 1143.6348 160.29147 1149.1048 818.80237 -0.10411
HI N.ICEH 150.5998 1143.8775 253.99615 1149.1875 1548.7784 -0.31782
HI N.KAKH 150.6173 1143.4799 128.39842 1148.8299 628.91272 0.10674
HI N.HNRH 150.6749 1144.0694 183.8062 1149.5594 1543.9259 -0.39336
HI N.NSBH 150.7005 1143.8154 173.17229 1149.5054 1004.7736 -0.099588
HI N.TAJH 150.7577 1143.7799 188.01457 1149.3399 998.8515 0.024509
HI N.OMRH 150.7836 1143.9498 253.453 1149.5398 945.55609 -0.10534
HI N.YUZH 150.8214 1143.9695 152.61983 1149.5695 848.17511 -0.066267
HI N.OGAH 150.8306 1144.4584 250.62628 1150.2684 976.84131 -0.54089
HI N.NRKH 150.8887 1144.2336 99.782608 1149.9036 588.23792 -0.22616
HI N.OGCH 150.9233 1144.4585 166.29865 1150.1385 921.12457 -0.39737
HI N.ONDH 150.9559 1144.4862 325.67654 1149.9162 884.12189 -0.37448
HI N.CHKH 150.9865 1144.481 161.60983 1150.241 1016.243 -0.32185
HI N.YJMH 151.0239 1144.7539 427.33728 1150.5739 1362.2142 -0.53672
HI N.MGMH 151.0317 1144.5708 249.80089 1150.4308 1256.5209 -0.34164
HI N.FGTH 151.1507 1144.7075 343.75366 1150.6475 840.22858 -0.2976
HI N.TZWH 151.257 1144.6735 162.13559 1150.7835 562.47137 -0.1034
HI N.KWSH 151.2627 1144.7701 209.61246 1150.7301 1211.3901 -0.19144
HI N.TDOH 151.3253 1144.8484 167.0829 1150.9784 590.01105 -0.17543
HI N.SISH 151.3789 1145.507 133.09483 1150.797 1226.1022 -0.75331
HI N.TCKH 151.4326 1145.2104 190.48634 1151.4704 823.15021 -0.37596
HI N.NKEH 151.4707 1145.1805 164.02583 1151.5005 790.52582 -0.28866
HI N.KMYH 151.5437 1144.9965 85.343773 1151.3665 787.68182 0.0054563
HI N.MKJH 151.5794 1144.0483 73.409569 1150.9983 326.64548 1.0073
HI N.NKWH 151.5799 1145.3408 132.29854 1151.8108 879.92871 -0.2844
HI N.NYOH 151.6263 1145.014 66.897675 1151.504 676.41663 0.1123
HI N.FKSH 151.6602 1144.8364 49.171944 1151.3264 680.6347 0.34088
HI N.THTH 151.6832 1145.139 122.44325 1151.749 945.21997 0.072947
HI N.ASAH 151.684 1145.3843 123.52448 1151.9343 770.97021 -0.17119
HI N.MRUH 151.6952 1145.0272 110.28774 1151.2672 602.27515 0.20275
HI N.IWWH 151.9163 1145.5088 160.1924 1152.0788 686.05652 0.054143
HI N.YBKH 151.9806 1145.4179 313.61523 1152.1779 922.66467 0.24202
HI N.ATKH 152.0088 1145.8266 112.30817 1152.5466 637.09332 -0.12423
HI N.SKWH 152.0149 1145.7741 235.08011 1152.6041 848.98969 -0.062537
HI N.NNMH 152.023 1145.4151 129.23021 1152.1551 571.7066 0.30858
HI N.JUOH 152.0943 1145.9674 37.181404 1152.1974 578.67841 -0.13639
HI N.NAZH 152.1068 1145.8141 74.953949 1152.7041 709.26501 0.035901
HI N.TSTH 152.1616 1145.9648 90.272667 1152.7948 667.05945 -0.032322
HI N.NGUH 152.1684 1146.6817 105.2878 1152.6017 809.07013 -0.73934
HI N.DGOH 152.181 1145.6872 125.34027 1152.3972 534.953 0.27344
HI N.ATDH 152.2059 1146.1116 145.81227 1152.9516 678.45502 -0.11457
HI N.YMAH 152.225 1145.8907 106.15882 1152.3807 445.9884 0.13415
HI N.TWAH 152.3198 1146.1629 133.46762 1153.1329 429.06985 0.00018288
HI N.BTOH 152.3299 1145.4262 85.48085 1152.5862 453.38388 0.75161
HI N.CH2H 152.3647 1146.2331 246.69508 1152.6831 667.4519 -0.0044314
HI N.OTWH 152.3739 1146.2608 264.53613 1153.2108 729.00452 -0.018704
HI N.KMKH 152.4556 1146.2377 67.202904 1153.2777 479.92636 0.12337
HI N.MRMH 152.4577 1146.0211 56.973923 1153.1311 284.22446 0.34313
HI N.YITH 152.4992 1146.4223 95.285461 1153.2623 556.69666 0.0023362
HI N.IWSH 152.5399 1146.4165 104.72843 1153.1665 506.2027 0.067492
HI N.INAH 152.5517 1146.5227 29.646568 1153.6127 521.52905 -0.021492
HI N.KGRH 152.5582 1146.168 136.38432 1153.558 482.4007 0.34261
HI N.KMOH 152.5929 1146.6834 155.99443 1153.9134 249.97554 -0.12211
HI N.EDSH 152.6122 1146.5232 80.91703 1153.7132 285.77997 0.066277
HI N.STDH 152.6159 1146.5165 106.62382 1153.6065 318.05051 0.078303
HI N.IICH 152.625 1146.449 103.23739 1153.539 542.62653 0.15899
HI N.UMYH 152.6364 1146.3869 92.000298 1153.4269 426.25934 0.23774
HI N.NRTH 152.6938 1147.2248 76.786758 1154.0848 254.34975 -0.5164
HI N.KYWH 152.7508 1146.9453 43.894802 1154.0253 137.26515 -0.15378
HI N.ISGH 152.7748 1146.4897 67.108322 1153.2897 157.74464 0.33685
HI N.NGOH 152.8367 1147.09 203.98772 1154.37 318.99179 -0.17324
HI N.YNTH 152.8853 1146.8183 61.313877 1154.0783 169.96034 0.16932
HI N.SHMH 152.9073 1147.2395 87.160271 1156.0195 169.08003 -0.21973
HI N.MUIH 152.9693 1146.9403 37.253201 1154.2303 141.12827 0.16979
HI N.TNEH 153.0123 1147.1569 73.411469 1154.5269 349.39474 0.01592
HI N.TBYH 153.0187 1146.9306 97.223335 1154.1906 284.68314 0.25151
HI N.YROH 153.0574 1147.3892 124.48102 1154.7792 241.84589 -0.15053
HI N.SZWH 153.0778 1146.9945 51.297485 1154.4345 281.44742 0.27384
HI N.ISSH 153.2317 1146.6434 39.948994 1154.1234 127.25081 0.84931
HI N.TKRH 153.2473 1147.5557 109.48358 1155.0057 288.80121 -0.04033
HI N.TAYH 153.2609 1147.7338 117.81953 1155.2338 513.50079 -0.1985
HI N.KWTH 153.2628 1147.1658 106.7145 1154.7258 364.66504 0.37215
HI N.TOIH 153.3713 1147.8042 42.582176 1155.0642 152.47256 -0.10793
HI N.HRNH 153.3813 1148.6478 47.938934 1155.9378 84.754303 -0.93695
HI N.HHNH 153.4012 1148.001 135.06099 1155.491 451.06461 -0.26199
HI N.YKHH 153.4086 1147.4972 196.66673 1154.9272 220.953 0.25229
HI N.KIZH 153.4091 1147.8413 96.26136 1155.2713 390.57892 -0.091091
HI N.MNAH 153.4162 1147.9015 78.081253 1155.3215 242.45961 -0.14121
HI N.NZWH 153.4191 1147.7069 29.878242 1155.3369 96.654198 0.057522
HI N.TMOH 153.428 1147.783 72.825104 1155.333 255.18616 -0.005906
HI N.NGRH 153.4636 1147.7153 36.119152 1155.4553 243.35916 0.11244
HI N.MKOH 153.5224 1148.355 166.76358 1156.045 237.31747 -0.44373
HI N.OGOH 153.5293 1148.254 96.880119 1155.854 226.33322 -0.33295
HI N.NKNH 153.5539 1147.8941 71.416634 1155.6041 171.23155 0.061985
HI N.ATGH 153.573 1148.4954 47.127651 1154.9854 168.91678 -0.51223
HI N.HH2H 153.5848 1147.7887 68.376305 1155.3387 198.60992 0.21119
HI N.SMNH 153.5865 1149.4816 55.571301 1155.4816 80.469543 -1.4793
HI N.HHRH 153.6043 1147.8496 38.687298 1155.4396 134.01526 0.17813
HI N.FJOH 153.6134 1148.0233 105.55916 1155.5033 371.94232 0.017307
HI N.KIYH 153.6428 1147.8562 99.326378 1155.3262 303.99515 0.22623
HI N.MKGH 153.6784 1148.569 61.180008 1156.419 97.43634 -0.43608
HI N.OOKH 153.7289 1147.9598 96.514587 1155.7098 294.7565 0.24492
HI N.MTDH 153.7534 1148.0159 97.23111 1155.7059 200.43631 0.22375
HI N.SAKH 153.7583 1148.0425 67.35247 1155.8225 116.37695 0.20392
HI N.YM2H 153.7865 1148.1212 68.774918 1155.8712 173.17233 0.16542
HI N.TU2H 153.7931 1148.0255 91.716339 1155.6855 203.31932 0.27043
HI N.IGWH 153.7982 1148.2985 71.348198 1155.9585 94.779716 0.0047191
HI N.TRUH 153.8108 1148.0772 31.83308 1155.5872 88.004227 0.24389
HI N.KWKH 153.8236 1148.4119 51.767338 1156.1719 130.23135 -0.072683
HI N.ODWH 153.8252 1148.1935 87.329803 1155.9335 363.60367 0.14808
HI N.KMDH 153.8592 1148.0357 38.494331 1155.8257 97.648247 0.35356
HI N.SSSH 153.8656 1148.5358 84.794945 1156.3458 151.6917 -0.13763
HI N.NSHH 153.8667 1148.1933 58.63055 1155.9233 100.23668 0.20638
HI N.SDMH 153.8862 1148.9512 86.847084 1156.6712 169.77711 -0.52472
HI N.MMKH 153.898 1148.5339 53.561756 1156.4839 114.79548 -0.091067
HI N.IKSH 153.9866 1148.9079 100.49355 1156.7379 185.89374 -0.34242
HI N.KNIH 153.9974 1148.3307 135.95639 1156.2707 283.81445 0.24949
HI N.OM2H 154.0429 1148.835 38.19709 1156.525 106.14077 -0.19178
HI N.FMIH 154.0466 1148.6861 58.52293 1156.5561 65.592079 -0.037742
HI N.SSWH 154.0644 1149.0618 80.107704 1156.9718 115.05335 -0.389
HI N.YGDH 154.0782 1148.7069 63.802895 1156.5769 216.54617 -0.014866
HI N.NJMH 154.0938 1149.43 768.86127 1156.29 1214.4305 -0.71654
HI N.SZJH 154.0977 1148.5792 171.47589 1156.5992 341.11188 0.13965
HI N.CHNH 154.1132 1148.7623 57.283123 1156.5523 102.48531 -0.021926
HI N.HOTH 154.1258 1148.8604 43.501198 1156.6704 76.938263 -0.10256
HI N.MSFH 154.131 1149.3719 145.79268 1157.2219 347.65823 -0.60692
HI N.KWZH 154.1501 1148.3507 61.309395 1156.4407 109.62997 0.44068
HI N.MSTH 154.1698 1148.9819 33.354893 1156.7819 80.43763 -0.1633
HI N.SOJH 154.1893 1149.1919 77.322777 1157.2419 168.62338 -0.34627
HI N.AMZH 154.2085 1149.2236 129.8669 1156.8936 203.44713 -0.35157
HI N.SBKH 154.2318 1149.3429 119.71735 1157.4229 209.69453 -0.43861
HI N.HYNH 154.243 1149.2788 55.638351 1157.1488 133.40207 -0.35911
HI N.TTNH 154.2541 1148.9819 33.194721 1157.0119 90.477768 -0.046736
HI N.MBUH 154.2595 1149.5595 141.6779 1157.7295 218.51808 -0.61701
HI N.HSEH 154.2642 1149.0088 83.328186 1156.9688 143.95755 -0.059807
HI N.HYKH 154.2792 1149.5759 118.68183 1157.5059 141.95406 -0.60622
HI N.NS2H 154.2847 1148.8881 185.70871 1157.0181 325.89096 0.089236
HI N.TOYH 154.3029 1149.5074 165.42889 1157.0074 134.53796 -0.50481
HI N.INHH 154.3538 1149.361 38.709702 1157.151 89.205559 -0.28816
HI N.KGNH 154.3634 1149.1232 61.44162 1157.1232 149.5033 -0.037024
HI N.SZUH 154.3684 1149.4094 83.766106 1157.6094 144.03838 -0.31622
HI N.TGIH 154.3892 1149.5022 136.95271 1157.5122 251.90111 -0.38041
HI N.KSOH 154.3904 1149.3287 35.520603 1157.3387 113.83748 -0.20533
HI N.NGWH 154.3915 1149.4992 64.437134 1157.4892 113.62517 -0.37416
HI N.KTRH 154.403 1149.7287 69.635056 1157.6287 71.339653 -0.58783
HI N.SHKH 154.4038 1149.0657 107.33656 1157.3757 186.56284 0.076277
HI N.KOKH 154.4292 1149.8089 75.654678 1157.8089 92.037941 -0.63177
HI N.HIMH 154.4319 1149.3846 109.18746 1157.4846 187.53847 -0.20378
HI N.SONH 154.4385 1149.7611 99.51796 1157.8711 141.46843 -0.57115
HI N.DMOH 154.4596 1149.8399 298.35397 1157.9299 161.45523 -0.62093
HI N.SOSH 154.4775 1149.496 93.111626 1157.516 153.92578 -0.25226
HI N.MTKH 154.4989 1149.3509 65.254349 1156.3509 182.19722 -0.077493
HI N.AGMH 154.5192 1149.3644 49.789272 1157.4544 92.335884 -0.062976
HI N.KADH 154.5242 1149.5244 69.945854 1157.6444 124.03333 -0.21604
HI N.TKGH 154.5542 1149.3998 69.134491 1157.6098 155.36623 -0.049983
HI N.ASNH 154.6058 1150.031 107.7588 1158.221 176.05412 -0.60982
HI N.TBTH 154.6077 1149.7534 108.00678 1157.9034 137.88692 -0.32974
HI N.ASSH 154.6142 1150.0445 61.422821 1158.1645 71.953888 -0.61178
HI N.TOGH 154.6151 1149.8997 63.593006 1157.9697 59.566498 -0.4657
HI N.FRKH 154.6196 1149.7847 56.676338 1158.0347 119.41327 -0.34438
HI N.MSNH 154.6321 1149.9813 130.2149 1158.2213 163.62605 -0.52376
HI N.TMAH 154.6665 1149.9984 77.466705 1158.2884 147.53534 -0.49324
HI N.MS2H 154.6772 1150.0752 115.11839 1158.3052 233.53288 -0.55535
HI N.KNEH 154.7107 1149.925 160.9174 1158.235 210.53333 -0.35887
HI N.SRWH 154.8033 1150.2607 61.478775 1160.2907 118.19852 -0.56647
HI N.GR2H 154.8295 1149.7324 73.122261 1158.2324 75.196838 -0.0021999
HI N.TYEH 154.8314 1150.0678 91.741394 1158.4978 143.86664 -0.33472
HI N.HRYH 154.8359 1149.76 50.835747 1158.15 77.468575 -0.020828
HI N.TT2H 154.8421 1150.0355 63.005985 1158.3755 122.6421 -0.28779
HI N.MZEH 154.8447 1150.0962 72.021538 1158.3862 145.29332 -0.3449
HI N.NTGH 154.8654 1149.6083 43.814896 1157.7183 93.953423 0.17164
HI N.HSKH 154.8713 1149.5622 49.174324 1157.8322 52.420307 0.22593
HI N.SYKH 154.8878 1150.223 34.787323 1158.443 35.109882 -0.41213
HI N.OKCH 154.9279 1150.8745 125.25308 1159.0345 84.602989 -1.0083
HI N.STRH 154.9808 1150.2213 75.620522 1158.4513 71.061813 -0.28187
HI N.HOUH 154.9986 1149.9755 28.49621 1158.6055 48.6175 -0.011419
HI N.KAYH 155.0016 1149.9771 76.901695 1158.3371 58.123795 -0.008943
HI N.TSUH 155.0018 1150.4624 92.519287 1158.8724 141.33676 -0.49394
HI N.YOTH 155.0039 1149.9376 62.251408 1158.1176 62.071056 0.033713
HI N.YMTH 155.0083 1150.0762 54.187729 1158.5062 84.306305 -0.098631
HI N.ASHH 155.0378 1150.4177 58.001778 1156.9177 45.044918 -0.39948
HI N.INSH 155.0578 1150.2116 82.33876 1158.8316 81.444939 -0.16565
HI N.MNMH 155.1002 1150.4321 82.128113 1158.8421 112.27767 -0.32772
HI N.IZUH 155.1242 1150.5727 97.283279 1157.5727 76.998497 -0.43505
HI N.ASUH 155.1274 1150.5768 89.124054 1158.9768 128.452 -0.43476
HI N.TDEH 155.1733 1150.8973 128.58 1159.5073 130.41527 -0.69177
HI N.MKMH 155.1884 1150.5852 84.57531 1158.9052 79.828056 -0.35891
HI N.ITDH 155.1886 1150.5681 80.417603 1159.0181 90.484932 -0.34141
HI N.ARIH 155.2025 1150.6632 50.355312 1159.1632 97.680634 -0.41785
HI N.KGIH 155.2315 1150.7079 89.083115 1159.2179 73.272911 -0.4243
HI N.THNH 155.2398 1150.6116 46.408421 1159.5616 122.63219 -0.31704
HI N.EIHH 155.2612 1150.537 65.66172 1159.247 83.328362 -0.21409
HI N.NUKH 155.2687 1150.7334 49.922146 1159.5934 115.31276 -0.4006
HI N.OKZH 155.2884 1151.0792 74.276375 1159.6492 115.82027 -0.72045
HI N.KMHH 155.2978 1150.8863 119.06001 1159.4063 142.03439 -0.51496
HI N.NGKH 155.3035 1150.9939 139.56456 1159.7239 217.61426 -0.61516
HI N.TKTH 155.3039 1150.834 74.157143 1159.354 85.727356 -0.45476
HI N.NEOH 155.355 1150.9014 78.162704 1159.5414 114.02404 -0.45448
HI N.TNMH 155.4173 1151.1043 92.932846 1159.7043 84.855408 -0.57501
HI N.ANJH 155.4312 1151.1082 63.394604 1159.9082 48.215271 -0.56051
HI N.HMAH 155.4922 1150.6931 23.944685 1159.6131 42.190399 -0.064661
HI N.SKUH 155.5063 1151.1774 61.682281 1159.7774 29.01004 -0.53045
HI N.OTAH 155.5486 1150.7878 72.457588 1159.6278 69.455971 -0.084934
HI N.KIDH 155.6372 1151.4794 102.5545 1160.4494 139.55537 -0.65942
HI N.TRGH 155.7431 1151.513 63.776249 1160.353 77.828178 -0.55289
HI N.TAGH 155.7459 1151.8626 70.8032 1160.8826 80.679329 -0.8989
HI N.MIKH 155.8965 1151.8165 110.04436 1161.0565 87.589836 -0.65368
HI N.SMAH 155.9501 1151.5029 125.3476 1161.1829 112.31403 -0.2691
HI N.HNOH 155.9645 1152.0845 129.99123 1161.4345 172.7448 -0.83165
HI N.MASH 156.0238 1151.6208 72.319435 1161.3708 147.66003 -0.28959
HI N.OBMH 156.05 1151.887 96.456467 1161.297 139.40742 -0.52113
HI N.WATH 156.065 1151.7526 84.694275 1161.3826 139.53922 -0.36689
HI N.OTUH 156.0746 1152.0314 56.864796 1161.4914 86.463455 -0.63313
HI N.SGRH 156.1828 1152.0117 80.083725 1161.6517 92.466888 -0.47034
HI N.TKHH 156.1923 1151.8905 110.41482 1161.4605 89.418365 -0.33651
HI N.INEH 156.2186 1152.2182 373.13452 1161.5382 193.4234 -0.62947
HI N.MGWH 156.2433 1151.9013 69.329155 1161.6713 91.26371 -0.27984
HI N.MYMH 156.2758 1152.1867 79.066658 1161.7067 122.03047 -0.52222
HI N.YZEH 156.285 1151.8167 47.919823 1161.3967 59.46331 -0.14002
HI N.AMNH 156.3815 1152.2303 144.51559 1161.8103 114.73686 -0.42626
HI N.HYSH 156.4088 1152.1271 82.878853 1161.7271 83.295616 -0.28675
HI N.NDGH 156.4106 1152.3464 143.56413 1161.9564 209.09438 -0.50373
HI N.KMEH 156.4466 1152.4162 123.6192 1162.0962 114.47051 -0.52642
HI N.TRIH 156.4523 1152.2705 118.03654 1159.3205 71.417999 -0.37364
HI N.KTNH 156.4562 1152.3276 77.294121 1162.1776 58.656143 -0.42572
HI N.KAWH 156.5072 1152.2674 71.565887 1162.0774 111.09242 -0.30068
HI N.OWSH 156.5112 1152.371 59.536533 1161.751 67.487122 -0.39905
HI N.SSYH 156.5699 1152.5178 101.19225 1162.2978 89.099541 -0.47125
HI N.KRTH 156.6152 1152.5927 48.385807 1164.6227 34.494606 -0.48853
HI N.TISH 156.6182 1152.3805 66.886078 1162.0705 64.981956 -0.27254
HI N.IZSH 156.6225 1152.471 102.89178 1162.051 51.298016 -0.35761
HI N.KSMH 156.6589 1152.5202 42.693413 1162.1302 70.994987 -0.3605
HI N.SNTH 156.6903 1152.5871 91.414124 1162.4271 64.057205 -0.38752
HI N.KNHH 156.7276 1152.1702 73.644371 1162.1902 47.328449 0.076897
HI N.TKEH 156.7807 1152.5203 52.051422 1162.3303 41.101772 -0.20575
HI N.KHOH 156.7893 1152.2895 79.928322 1164.1795 114.10614 0.036096
HI N.MROH 156.7896 1152.9623 86.19294 1162.8523 128.37006 -0.63636
HI N.TJOH 156.7953 1152.7625 112.14593 1164.4325 98.099007 -0.42929
HI N.KAMH 156.8047 1152.7536 84.379585 1162.5236 55.05637 -0.40837
HI N.NAGH 156.8757 1153.0208 120.57694 1163.2908 60.746578 -0.5854
HI N.IAMH 156.8912 1153.0047 234.82182 1162.8547 110.38372 -0.5495
HI N.HNZH 156.9154 1152.9992 72.307564 1162.9592 46.984501 -0.51337
HI N.TKWH 156.9288 1152.9578 66.892929 1162.9578 58.952503 -0.45488
HI N.TJRH 156.9479 1152.6557 51.971031 1162.5457 32.61356 -0.12836
HI N.HAGH 156.9862 1153.1791 130.26894 1163.1291 85.672699 -0.6032
HI N.YMSH 157.0003 1152.9971 58.361588 1162.8971 29.520416 -0.40326
HI N.NKMH 157.0663 1153.3714 87.375648 1163.3514 99.440254 -0.69353
HI N.KWHH 157.0927 1153.3672 182.19981 1163.4672 119.25861 -0.65575
HI N.OTOH 157.1107 1153.0739 66.898933 1162.9839 42.082874 -0.33963
HI N.NKOH 157.1427 1153.5031 123.59286 1163.4431 75.931847 -0.72812
HI N.SGUH 157.1442 1153.3368 101.84539 1163.3568 69.251694 -0.5598
HI N.CHZH 157.162 1153.5675 136.00693 1162.8975 51.75304 -0.7679
HI N.OHAH 157.1919 1153.5971 141.74089 1163.5871 64.607895 -0.75954
HI N.SSMH 157.2191 1153.145 144.56372 1162.775 69.938316 -0.27297
HI N.KTDH 157.2236 1153.4113 180.27667 1163.0313 55.692432 -0.53334
HI N.HRKH 157.2267 1153.3467 101.12497 1163.3667 30.090824 -0.4649
HI N.AIOH 157.267 1153.5379 134.11533 1163.7179 72.720108 -0.60502
HI N.KMGH 157.3048 1153.5595 117.15911 1163.6395 64.731369 -0.58059
HI N.INMH 157.3075 1153.5176 121.83128 1163.4176 69.66404 -0.5354
HI N.KSBH 157.3374 1153.5127 73.044121 1163.7327 44.206612 -0.49427
HI N.SYOH 157.3409 1153.7394 119.76491 1163.0694 40.082817 -0.71678
HI N.MHRH 157.3415 1153.9766 169.75832 1164.2466 97.071632 -0.95313
HI N.SKGH 157.4012 1153.5828 158.86285 1163.8328 57.932472 -0.4869
HI N.HNSH 157.4416 1153.8169 142.98627 1164.2169 77.236702 -0.67183
HI N.YBRH 157.561 1153.8051 99.60788 1163.0851 24.06922 -0.51506
HI N.SETH 157.5642 1153.9959 138.69514 1164.3659 57.031601 -0.70196
HI N.MZKH 157.5714 1153.61 102.23841 1166.18 13.57943 -0.30727
HI N.TKBH 157.6367 1154.1661 203.15543 1164.6661 81.270164 -0.78413
HI N.TOKH 157.6906 1154.2543 86.912514 1164.7943 48.633125 -0.80695
HI N.OHCH 157.7131 1154.2782 119.73172 1164.7782 32.820976 -0.80352
HI N.HINH 157.7132 1153.5362 100.23484 1166.0262 47.312778 -0.061355
HI N.OKYH 157.7327 1154.1068 147.07533 1166.8968 72.357727 -0.60826
HI N.HKBH 157.7471 1154.427 183.77303 1164.917 69.337433 -0.91085
HI N.HKTH 157.7557 1153.6789 112.96259 1164.3189 43.820957 -0.1524
HI N.KSIH 157.7617 1154.0162 275.8194 1165.6762 100.67493 -0.4824
HI N.MKIH 157.7936 1154.2997 65.944946 1167.0997 39.13438 -0.72719
HI N.TAMH 157.8275 1154.0808 89.41954 1165.6508 30.05151 -0.46712
HI N.HWSH 157.8343 1154.1676 80.258354 1166.6476 31.926119 -0.54569
HI N.SGOH 157.8738 1154.0607 120.20341 1165.6207 35.562141 -0.39077
HI N.MABH 157.8818 1154.2978 132.6555 1164.9378 44.209316 -0.61826
HI N.TTAH 157.9025 1155.0912 350.51965 1165.8412 63.046688 -1.3864
HI N.NITH 157.9125 1153.901 98.947235 1164.651 60.352886 -0.18406
HI N.KACH 157.955 1154.23 283.1633 1165.29 61.322437 -0.46147
HI N.AYKH 157.9574 1154.3761 90.857391 1165.3261 15.529487 -0.60465
HI N.BSEH 157.9657 1154.4368 131.80647 1164.8068 47.292965 -0.65518
HI N.SADH 157.9807 1154.7788 118.36025 1165.9888 43.475357 -0.97903
HI N.KNNH 158.0239 1154.5442 113.10077 1165.1642 46.707397 -0.69186
HI N.KYDH 158.0311 1154.5627 69.100952 1165.6127 41.141163 -0.70164
HI N.YSDH 158.096 1154.0438 103.38969 1165.1938 19.525171 -0.10399
HI N.KNBH 158.1101 1154.6701 123.53191 1165.6501 50.874527 -0.71319
HI N.JNSH 158.1106 1155.0241 276.14941 1165.8341 72.373566 -1.0666
HI N.MNOH 158.1314 1154.5361 85.851166 1165.7161 64.68663 -0.55335
HI N.KTWH 158.2177 1154.4952 113.92585 1165.5252 32.504055 -0.40757
HI N.KTGH 158.2268 1154.8789 129.34863 1165.4089 39.547127 -0.7803
HI N.NMKH 158.2626 1154.728 144.27838 1164.868 51.409962 -0.58583
HI N.MIGH 158.3169 1155.0522 191.71875 1166.3922 90.024773 -0.84411
HI N.KSAH 158.3242 1155.2185 189.92119 1166.5385 64.801712 -1.0015
HI N.SINH 158.3358 1155.1814 138.74419 1166.5214 46.930901 -0.95037
HI N.MURH 158.34 1154.8016 82.265579 1166.1116 23.215631 -0.56539
HI N.KHUH 158.3554 1155.3123 174.07796 1166.6223 174.17598 -1.0574
HI N.HSMH 158.4192 1154.347 113.22575 1164.437 67.473564 -0.014553
HI N.DWAH 158.422 1155.1665 173.2021 1166.5265 120.73975 -0.8308
HI N.MIHH 158.4797 1155.0338 158.86615 1166.4338 46.688808 -0.62796
HI N.YSHH 158.5307 1155.3031 245.92645 1166.8131 122.90031 -0.83524
HI N.GOTH 158.5404 1154.1305 105.94808 1165.2705 50.288853 0.34915
HI N.IWAH 158.5513 1154.3635 90.506554 1165.6235 28.963196 0.1293
HI N.MYKH 158.5673 1155.0045 122.71001 1165.1145 46.685032 -0.49222
HI N.HHIH 158.5791 1155.4307 229.20079 1166.9307 89.70768 -0.90404
HI N.GHKH 158.6496 1155.395 93.326996 1165.025 60.980232 -0.78267
HI N.GEIH 158.6623 1154.8854 142.53258 1164.1654 49.147106 -0.25781
HI N.SJOH 158.6788 1155.3962 125.70233 1165.4562 45.236172 -0.7485
HI N.KNGH 158.6862 1154.5569 93.053223 1166.1669 93.996056 0.099836
HI N.INOH 158.701 1155.4329 146.72301 1164.9329 85.858749 -0.75821
HI N.HRSH 158.7355 1155.6082 214.65585 1167.3282 80.816368 -0.89148
HI N.TBRH 158.7357 1155.542 142.41568 1165.782 55.725811 -0.82524
HI N.KURH 158.7816 1155.518 180.79633 1167.148 54.044041 -0.74543
HI N.IKKH 158.8336 1155.6332 107.57056 1167.3932 56.090572 -0.79959
HI N.HISH 158.8665 1155.8771 280.92609 1166.6371 33.536865 -1.006
HI N.TGUH 158.8671 1155.8427 309.90845 1165.2827 169.85611 -0.97104
HI N.SSKH 158.885 1155.6787 127.0844 1164.9187 73.510872 -0.78654
HI N.MITH 158.9106 1155.3762 176.40186 1165.3362 56.153713 -0.45497
HI N.KRHH 158.9763 1155.6907 201.43646 1165.4607 78.035484 -0.69462
HI N.OKMH 158.9833 1155.5745 206.66006 1166.1645 56.521877 -0.57045
HI N.YNDH 158.9936 1155.9608 142.94022 1165.3308 29.699602 -0.94502
HI N.HIKH 159.0063 1156.0991 397.20633 1165.3791 80.199562 -1.0689
HI N.TBEH 159.0249 1155.8351 135.12427 1164.9651 42.542503 -0.7836
HI N.SKIH 159.0256 1155.6701 175.81241 1166.1301 129.76672 -0.61786
HI N.TOHH 159.1571 1155.8342 156.76152 1165.4842 44.382969 -0.6323
HI N.TSYH 159.1596 1155.9602 112.06331 1165.1602 39.378925 -0.75533
HI N.IKNH 159.1769 1155.9733 133.60918 1166.4633 33.122608 -0.74883
HI N.KWBH 159.1861 1156.337 176.10199 1166.417 41.013844 -1.102
HI N.MICH 159.1987 1155.655 135.40132 1165.885 34.774689 -0.40566
HI N.HIYH 159.2509 1156.1791 167.10263 1167.9691 47.622177 -0.87041
HI N.MKWH 159.2563 1155.7322 164.41341 1165.2122 75.842476 -0.4173
HI N.NAKH 159.2958 1156.0509 173.28467 1168.3109 52.158226 -0.6909
HI N.MTMH 159.3025 1155.6088 118.61511 1168.7388 95.882332 -0.24124
HI N.SYTH 159.3193 1155.8232 157.11749 1168.6932 29.001038 -0.43649
HI N.UWAH 159.3936 1156.3273 225.01326 1168.3373 79.274162 -0.85598
HI N.KNSH 159.4173 1155.9232 152.84845 1167.3432 31.346291 -0.42492
HI N.TKJH 159.4459 1155.259 117.57244 1167.909 37.844772 0.27188
HI N.IKTH 159.4993 1156.4975 223.1664 1168.2975 38.615696 -0.90587
HI N.TKUH 159.5135 1155.0994 82.784531 1168.6594 73.488892 0.50843
HI N.HGIH 159.5184 1155.4775 152.23039 1170.3775 24.110153 0.13586
HI N.TSMH 159.579 1156.3983 129.41989 1168.6583 36.366993 -0.7159
HI N.OOTH 159.599 1156.2569 96.584969 1169.2769 64.720047 -0.5517
HI N.HOFH 159.627 1155.0368 86.549492 1169.0468 24.25391 0.70028
HI N.MTOH 159.6468 1155.4271 144.76706 1168.6771 35.217056 0.33251
HI N.NGTH 159.6808 1155.4082 99.050034 1170.4982 45.58606 0.3901
HI N.TYUH 159.9686 1156.2456 139.10745 1170.4056 52.434723 -0.11948
HI N.YMGH 160.0773 1155.7841 148.04759 1170.7941 30.601913 0.46564
HI N.KKYH 160.1023 1156.1528 163.66261 1171.4628 43.844425 0.12552
HI N.SIKH 160.1189 1156.8511 192.76292 1169.6711 80.533913 -0.55393
HI N.BZNH 160.1918 1155.9137 141.65846 1170.3637 28.935041 0.46642
HI N.NTHH 160.2014 1155.7649 112.13078 1168.7049 55.52367 0.62633
HI N.UMEH 160.2948 1156.5164 57.201401 1169.6164 43.453255 -0.021165
HI N.SNIH 160.3434 1156.2293 154.35051 1170.6393 65.741302 0.3194
HI N.SGWH 160.3504 1156.4398 115.10336 1171.8598 19.09749 0.11647
HI N.YGNH 160.3722 1156.2212 82.222702 1172.0312 18.149 0.35902
HI N.KIGH 160.3824 1156.92 114.72702 1170.1 70.082024 -0.32867
HI N.GENH 160.399 1156.6996 83.040619 1170.1896 48.56546 -0.089939
HI N.TAKH 160.4068 1155.9526 104.63756 1169.2726 74.687912 0.66515
HI N.KAHH 160.4673 1156.9618 210.29562 1170.2618 39.848083 -0.27988
HI N.KIWH 160.4694 1156.9572 185.85791 1171.2572 64.431877 -0.2731
HI N.NMNH 160.5352 1156.3853 112.81691 1170.5553 44.323036 0.36841
HI N.OGNH 160.5354 1156.4071 169.93033 1169.8571 82.442345 0.34698
HI N.UMIH 160.5847 1156.9162 109.14143 1171.1462 32.942524 -0.11
HI N.UKHH 160.5895 1156.8133 104.38589 1171.7733 43.992947 -0.00198
HI N.HYGH 160.6423 1156.7581 88.737251 1170.0081 26.104593 0.10897
HI N.TARH 160.6556 1156.9846 79.709671 1170.2546 20.020445 -0.10336
HI N.GKSH 160.7163 1156.5971 113.72055 1173.5371 31.772345 0.34834
HI N.MRTH 160.7245 1157.0323 72.288429 1170.5323 42.229496 -0.078098
HI N.TGOH 160.7304 1157.1034 108.25474 1171.5234 63.183414 -0.14305
HI N.KHKH 160.783 1157.0229 145.85347 1170.7329 104.82917 -0.0067456
HI N.HSFH 160.804 1157.2324 116.56757 1170.2424 55.170448 -0.19407
HI N.YABH 160.8524 1156.7877 106.49182 1170.2777 43.386078 0.30178
HI N.NANH 160.8729 1157.248 111.44063 1170.678 19.920073 -0.13679
HI N.FJIH 160.8835 1157.0263 69.285721 1169.1163 25.749464 0.096174
HI N.MSIH 160.8977 1156.9407 186.40205 1170.7407 25.850325 0.19671
HI N.SBAH 160.9056 1156.923 57.551376 1170.593 29.389763 0.22285
HI N.TMNH 160.9471 1157.3622 175.79279 1172.8722 31.570459 -0.17249
HI N.NRAH 161.0101 1157.2628 111.19753 1171.7528 38.633827 -0.0063794
HI N.IZMH 161.0305 1157.095 94.369873 1170.695 49.567783 0.18306
HI N.TYNH 161.0432 1157.0326 98.708946 1170.1326 37.479248 0.25877
HI N.KTMH 161.0491 1157.6592 168.42439 1170.1792 41.192394 -0.3615
HI N.SRIH 161.1147 1157.9736 258.81302 1169.5836 74.978516 -0.60637
HI N.MSMH 161.1778 1157.3582 170.86127 1171.5682 47.929199 0.075764
HI N.UWEH 161.1903 1157.4144 232.66754 1169.6044 74.740707 0.032747
HI N.SUKH 161.1935 1157.551 184.47002 1171.261 26.95303 -0.10042
HI N.IMRH 161.2003 1157.7983 216.97658 1170.1883 67.153847 -0.34057
HI N.TKKH 161.2672 1157.6814 164.14281 1169.5114 111.15728 -0.15285
HI N.NCNH 161.2696 1158.3034 279.71097 1169.7834 127.41959 -0.77225
HI N.SBNH 161.3074 1158.0554 217.39191 1172.2754 69.599892 -0.48428
HI N.HYOH 161.316 1157.52 170.30022 1171.71 46.373528 0.060364
HI N.SBSH 161.3366 1158.2322 328.72717 1169.8222 138.40073 -0.63019
HI N.MJSH 161.3644 1157.891 199.28081 1171.091 113.12771 -0.25952
HI N.ASKH 161.3703 1157.6456 103.17639 1169.5556 47.661182 -0.0078784
HI N.MJNH 161.3782 1157.9126 167.93706 1170.8826 37.564713 -0.26651
HI N.KKIH 161.4535 1158.1472 226.20296 1172.2972 45.931026 -0.42154
HI N.HRDH 161.5128 1158.2272 258.47385 1173.9472 77.705322 -0.43864
HI N.OSUH 161.5189 1157.9872 174.04291 1170.9172 42.480282 -0.19215
HI N.NGSH 161.5816 1157.9785 123.11873 1173.0685 13.645965 -0.11702
HI N.SNWH 161.619 1157.8731 118.44725 1175.4431 34.805878 0.027898
HI N.UCNH 161.6283 1158.2723 189.07452 1174.3223 76.426636 -0.36139
HI N.MYJH 161.6496 1157.9232 112.46559 1173.0132 15.852837 0.010129
HI N.KDIH 161.6817 1158.0265 178.35977 1173.2065 42.691727 -0.059094
HI N.KYAH 161.7114 1158.0355 187.07085 1172.1555 65.892166 -0.036707
HI N.NSMH 161.7596 1158.0359 162.55312 1172.2359 45.516911 0.013616
HI N.AKNH 161.8004 1158.358 74.21991 1171.138 47.716209 -0.26819
HI N.KORH 161.8091 1157.7874 128.75815 1172.4374 57.90181 0.31098
