HI N.KORH 148.9552 1176.1692 223.379639 1176.1692 223.379639 -1.2984
HI N.SENH 149.0444 1176.3692 160.526672 1176.3692 160.526672 -1.3545
HI N.AKNH 149.13 1176.3892 238.179779 1176.3892 238.179779 -1.2367
HI N.MYJH 149.2045 1176.5092 145.301178 1176.5092 145.301178 -1.2369
HI N.NSMH 149.2428 1176.6092 258.924744 1176.6092 258.924744 -1.2753
HI N.MMTH 149.3461 1176.8492 214.324646 1176.8492 214.324646 -1.3487
HI N.SNWH 149.4091 1176.8492 262.871124 1176.8492 262.871124 -1.2473
HI N.NRAH 149.6708 1177.2892 127.055717 1177.2892 127.055717 -1.271
HI N.SBAH 149.8886 1177.6092 119.528297 1177.6092 119.528297 -1.2458
HI N.TGOH 149.9133 1177.7392 213.403229 1177.7392 213.403229 -1.3368
HI N.YABH 150.0177 1177.8393 113.204338 1177.8393 113.204338 -1.2713
HI N.MSIH 150.0755 1177.8093 198.085922 1177.8093 198.085922 -1.1498
HI N.GKSH 150.093 1177.8392 86.4789276 1177.8392 86.4789276 -1.152
HI N.HKSH 150.1905 1177.9893 168.648392 1177.9893 168.648392 -1.1478
HI N.KHKH 150.3103 1178.2692 127.385315 1178.2692 127.385315 -1.2421
HI N.NMNH 150.3633 1178.4592 148.801666 1178.4592 148.801666 -1.3498
HI N.FJIH 150.4086 1178.4293 202.005554 1178.4293 202.005554 -1.2497
HI N.OGNH 150.4563 1178.3593 222.308716 1178.3593 222.308716 -1.1057
HI N.UKHH 150.5166 1178.8392 165.270432 1178.8392 165.270432 -1.4921
HI N.SIKH 150.57 1178.7792 196.110046 1178.7792 196.110046 -1.3494
HI N.YGNH 150.7059 1178.9292 165.930893 1178.9292 165.930893 -1.2887
HI N.SGWH 150.7808 1179.0592 131.397125 1179.0592 131.397125 -1.3025
HI N.WKMH 150.7996 1179.0692 299.51123 1179.0692 299.51123 -1.2833
HI N.TSMH 150.9258 1179.0492 169.684631 1179.0492 169.684631 -1.0677
HI N.YNDH 151.519 1180.2192 143.8116 1180.2192 143.8116 -1.3242
HI N.MTOH 151.5472 1180.2992 144.210068 1180.2992 144.210068 -1.3615
HI N.NGTH 151.5901 1180.2092 260.448334 1180.2092 260.448334 -1.207
HI N.SYTH 151.6308 1180.2692 126.094673 1180.2692 126.094673 -1.2058
HI N.TKJH 151.6586 1180.3793 130.857208 1180.3793 130.857208 -1.2739
HI N.TOHH 151.6642 1180.3993 298.842407 1180.3993 298.842407 -1.2856
HI N.IKKH 151.6666 1180.3792 165.400131 1180.3792 165.400131 -1.2619
HI N.MKWH 151.7595 1180.4593 141.576385 1180.4593 141.576385 -1.2019
HI N.IKNH 151.7993 1180.6692 156.952866 1180.6692 156.952866 -1.352
HI N.KRHH 151.8685 1180.6692 179.049149 1180.6692 179.049149 -1.2477
HI N.SJOH 151.8781 1180.7792 145.435028 1180.7792 145.435028 -1.3432
HI N.MTYH 151.9114 1180.8592 200.138138 1180.8592 200.138138 -1.3733
HI N.KHUH 151.9227 1180.7892 222.323685 1180.7892 222.323685 -1.2862
HI N.KURH 152.0719 1181.0592 119.8106 1181.0592 119.8106 -1.3314
HI N.SINH 152.0831 1181.1793 128.590912 1181.1793 128.590912 -1.4346
HI N.HIKH 152.1027 1180.9992 192.374298 1180.9992 192.374298 -1.225
HI N.TGUH 152.1814 1181.2392 169.009689 1181.2392 169.009689 -1.3465
HI N.IKWH 152.2423 1180.8993 102.656921 1180.8993 102.656921 -0.91489
HI N.HRSH 152.2604 1181.3692 137.307922 1181.3692 137.307922 -1.3575
HI N.GEIH 152.3917 1181.5692 110.824478 1181.5692 110.824478 -1.3598
HI N.YSHH 152.4194 1181.6292 145.246414 1181.6292 145.246414 -1.3781
HI N.MIGH 152.4539 1181.5693 178.232666 1181.5693 178.232666 -1.2662
HI N.KTDH 152.4629 1181.5592 192.022079 1181.5592 192.022079 -1.2425
HI N.OTOH 152.517 1181.5892 202.180832 1181.5892 202.180832 -1.1935
HI N.MKIH 152.5745 1181.7292 167.932693 1181.7292 167.932693 -1.2497
HI N.OHCH 152.5869 1181.9392 137.270615 1181.9392 137.270615 -1.4415
HI N.GOTH 152.6002 1181.7092 159.937317 1181.7092 159.937317 -1.1922
HI N.TAMH 152.7032 1182.0593 134.89418 1182.0593 134.89418 -1.3922
HI N.KTWH 152.7315 1181.9992 184.635696 1181.9992 184.635696 -1.2907
HI N.BSEH 152.732 1182.0792 108.777901 1182.0792 108.777901 -1.3701
HI N.TTAH 152.9017 1182.2692 129.083786 1182.2692 129.083786 -1.3127
HI N.SGOH 152.9962 1182.4392 122.579361 1182.4392 122.579361 -1.3448
HI N.HNSH 153.0345 1182.5392 135.426544 1182.5392 135.426544 -1.389
HI N.NITH 153.0717 1182.5392 154.490372 1182.5392 154.490372 -1.3348
HI N.KACH 153.1119 1182.5092 191.263962 1182.5092 191.263962 -1.246
HI N.HIRH 153.1519 1182.5292 156.377869 1182.5292 156.377869 -1.2078
HI N.AIOH 153.1627 1182.6792 91.6476974 1182.6792 91.6476974 -1.3421
HI N.HKTH 153.1989 1182.7492 111.088623 1182.7492 111.088623 -1.3592
HI N.KMGH 153.2085 1182.8092 81.4872284 1182.8092 81.4872284 -1.4053
HI N.YBRH 153.2404 1182.6693 121.09211 1182.6693 121.09211 -1.2187
HI N.SYOH 153.2943 1182.7492 122.012909 1182.7492 122.012909 -1.2202
HI N.TISH 153.303 1182.8192 117.836403 1182.8192 117.836403 -1.2775
HI N.SGUH 153.3094 1182.7393 130.595276 1182.7393 130.595276 -1.1882
HI N.MZKH 153.3334 1182.9192 138.218597 1182.9192 138.218597 -1.333
HI N.OHAH 153.3875 1182.9393 91.2620239 1182.9393 91.2620239 -1.2744
HI N.SMAH 153.4134 1182.9092 268.186157 1182.9092 268.186157 -1.2065
HI N.KSBH 153.4188 1183.0592 128.182983 1183.0592 128.182983 -1.3485
HI N.YMSH 153.4433 1183.0092 86.3529739 1183.0092 86.3529739 -1.263
HI N.TJOH 153.4682 1182.9892 140.882645 1182.9892 140.882645 -1.2066
HI N.AKSH 153.4826 1183.1092 182.82222 1183.1092 182.82222 -1.3056
HI N.CHZH 153.4986 1182.9592 110.165199 1182.9592 110.165199 -1.1323
HI N.YZEH 153.5339 1182.9792 91.2938232 1182.9792 91.2938232 -1.1008
HI N.KTNH 153.5363 1182.8593 120.061607 1182.8593 120.061607 -0.97742
HI N.HAGH 153.5652 1183.1392 106.673019 1183.1392 106.673019 -1.2152
HI N.KAMH 153.5846 1183.3193 73.508255 1183.3193 73.508255 -1.3669
HI N.KMMH 153.6737 1183.3292 88.6708069 1183.3292 88.6708069 -1.247
HI N.SSYH 153.6814 1183.3692 109.035728 1183.3692 109.035728 -1.276
HI N.SGRH 153.7228 1183.4192 156.260803 1183.4192 156.260803 -1.2671
HI N.KMEH 153.7258 1183.4192 132.282028 1183.4192 132.282028 -1.263
HI N.SNTH 153.7604 1183.6392 92.6914978 1183.6392 92.6914978 -1.4338
HI N.IAMH 153.8246 1183.5293 214.133774 1183.5293 214.133774 -1.2326
HI N.FKCH 153.8542 1183.5492 132.383011 1183.5492 132.383011 -1.2106
HI N.MYMH 153.9503 1183.5992 74.9877777 1183.5992 74.9877777 -1.1238
HI N.HAZH 153.9949 1183.8692 85.8868332 1183.8692 85.8868332 -1.3303
HI N.OTUH 154.0338 1183.6493 71.72995 1183.6493 71.72995 -1.0553
HI N.NDGH 154.0439 1183.7993 204.51712 1183.7993 204.51712 -1.191
HI N.THNH 154.0919 1183.9992 181.04892 1183.9992 181.04892 -1.3226
HI N.AMNH 154.1544 1184.1693 211.914703 1184.1693 211.914703 -1.4046
HI N.TAGH 154.1812 1184.1193 90.075592 1184.1193 90.075592 -1.3176
HI N.OKZH 154.1973 1184.0292 107.936554 1184.0292 107.936554 -1.2054
HI N.KYSH 154.315 1184.2092 103.159081 1184.2092 103.159081 -1.2226
HI N.MIKH 154.3193 1184.1992 113.384995 1184.1992 113.384995 -1.2066
HI N.HMAH 154.323 1184.1892 29.6555119 1184.1892 29.6555119 -1.1915
HI N.HOUH 154.3468 1184.2992 119.22998 1184.2992 119.22998 -1.2687
HI N.KSGH 154.3702 1184.3193 150.363159 1184.3193 150.363159 -1.2564
HI N.MIZH 154.3892 1184.2893 241.638046 1184.2893 241.638046 -1.2002
HI N.ASUH 154.3899 1184.3193 142.656387 1184.3193 142.656387 -1.2292
HI N.KNEH 154.4229 1184.1092 111.587242 1184.1092 111.587242 -0.97359
HI N.FJEH 154.4348 1184.3492 123.027481 1184.3492 123.027481 -1.1971
HI N.TRGH 154.4447 1184.4092 124.652527 1184.4092 124.652527 -1.2433
HI N.KGIH 154.4598 1184.4292 80.5695038 1184.4292 80.5695038 -1.2426
HI N.STRH 154.4635 1184.4392 155.23584 1184.4392 155.23584 -1.2473
HI N.ASHH 154.4848 1184.5092 147.169952 1184.5092 147.169952 -1.288
HI N.NS2H 154.4885 1184.4392 146.25264 1184.4392 146.25264 -1.2129
HI N.KMHH 154.5025 1184.5992 123.644981 1184.5992 123.644981 -1.3534
HI N.TNMH 154.5214 1184.5292 153.333481 1184.5292 153.333481 -1.2575
HI N.KWZH 154.5286 1184.6092 90.1735229 1184.6092 90.1735229 -1.3275
HI N.SKUH 154.5341 1184.4293 126.383713 1184.4293 126.383713 -1.1399
HI N.TYEH 154.5481 1184.5292 137.501968 1184.5292 137.501968 -1.2205
HI N.TKTH 154.5616 1184.4692 114.119789 1184.4692 114.119789 -1.1418
HI N.SOSH 154.5721 1184.5893 89.801857 1184.5893 89.801857 -1.2474
HI N.MKMH 154.5793 1184.6293 139.311676 1184.6293 139.311676 -1.2773
HI N.HRYH 154.6349 1184.7392 81.5738068 1184.7392 81.5738068 -1.3105
HI N.MS2H 154.6411 1184.6892 194.586227 1184.6892 194.586227 -1.2519
HI N.YOTH 154.6847 1184.8592 123.877586 1184.8592 123.877586 -1.3617
HI N.SZUH 154.7009 1184.7992 152.935989 1184.7992 152.935989 -1.2793
HI N.MSNH 154.7137 1184.8392 219.666443 1184.8392 219.666443 -1.3016
HI N.NTGH 154.7254 1184.8892 163.768127 1184.8892 163.768127 -1.3355
HI N.OTAH 154.7362 1184.7292 119.208755 1184.7292 119.208755 -1.1605
HI N.ITDH 154.7614 1184.8192 117.615334 1184.8192 117.615334 -1.2157
HI N.MNMH 154.7638 1184.8992 159.279861 1184.8992 159.279861 -1.2924
HI N.SONH 154.8005 1184.9392 116.782951 1184.9392 116.782951 -1.2816
HI N.KNIH 154.8147 1185.1093 173.567352 1185.1093 173.567352 -1.4321
HI N.HSKH 154.8489 1185.0392 115.664886 1185.0392 115.664886 -1.3147
HI N.TKGH 154.8997 1185.0792 104.980789 1185.0792 104.980789 -1.2845
HI N.NGIH 154.9052 1185.0492 154.371841 1185.0492 154.371841 -1.2469
HI N.MBUH 154.9059 1185.1192 205.27327 1185.1192 205.27327 -1.316
HI N.YMTH 154.9169 1185.0592 140.227371 1185.0592 140.227371 -1.2409
HI N.IZUH 154.9352 1185.0792 102.699814 1185.0792 102.699814 -1.2354
HI N.HYKH 154.957 1185.1493 126.225929 1185.1493 126.225929 -1.2755
HI N.EIHH 154.9695 1184.8492 62.6355171 1184.8492 62.6355171 -0.95799
HI N.GR2H 154.976 1185.1592 173.778046 1185.1592 173.778046 -1.2592
HI N.MTKH 154.9944 1185.0792 139.788742 1185.0792 139.788742 -1.1537
HI N.TSUH 154.9989 1185.2593 149.152161 1185.2593 149.152161 -1.3274
HI N.ODWH 155.0065 1185.3392 126.030212 1185.3392 126.030212 -1.397
HI N.MZEH 155.0365 1185.1892 153.608978 1185.1892 153.608978 -1.2054
HI N.HYNH 155.0456 1185.1492 85.1044998 1185.1492 85.1044998 -1.1529
HI N.AGMH 155.1055 1185.3692 104.258575 1185.3692 104.258575 -1.2901
HI N.MTDH 155.1194 1185.4392 154.672333 1185.4392 154.672333 -1.3408
HI N.SYKH 155.1273 1185.1392 75.0624466 1185.1392 75.0624466 -1.0301
HI N.KMWH 155.1316 1185.4992 140.818253 1185.4992 140.818253 -1.3841
HI N.YM2H 155.1444 1185.4692 172.685623 1185.4692 172.685623 -1.3364
HI N.KGNH 155.1507 1185.2892 88.4046936 1185.2892 88.4046936 -1.1476
HI N.TRUH 155.2061 1185.6293 45.9283829 1185.6293 45.9283829 -1.4111
HI N.TU2H 155.2114 1185.5492 126.031212 1185.5492 126.031212 -1.3238
HI N.ATGH 155.2177 1185.1292 71.4092331 1185.1292 71.4092331 -0.89509
HI N.HSEH 155.2211 1185.4092 79.5583572 1185.4092 79.5583572 -1.1703
HI N.KIYH 155.2346 1185.4492 157.722916 1185.4492 157.722916 -1.1917
HI N.OKCH 155.2397 1185.6692 184.605713 1185.6692 184.605713 -1.4047
HI N.TMAH 155.2751 1185.4692 170.899124 1185.4692 170.899124 -1.1557
HI N.ASNH 155.2762 1185.5392 164.315018 1185.5392 164.315018 -1.2242
HI N.SRWH 155.3038 1185.7092 175.06163 1185.7092 175.06163 -1.3561
HI N.NSHH 155.312 1185.6092 75.9136658 1185.6092 75.9136658 -1.2447
HI N.OOKH 155.3203 1185.7493 155.878601 1185.7493 155.878601 -1.3733
HI N.NGWH 155.3524 1185.5692 92.2425156 1185.5692 92.2425156 -1.1488
HI N.FRKH 155.3705 1185.8392 96.791214 1185.8392 96.791214 -1.3939
HI N.FJOH 155.3803 1185.8792 135.580551 1185.8792 135.580551 -1.4203
HI N.CHNH 155.3925 1185.5592 116.926163 1185.5592 116.926163 -1.0834
HI N.FMIH 155.3992 1185.5993 100.17141 1185.5993 100.17141 -1.1143
HI N.SDMH 155.4323 1185.9192 113.178352 1185.9192 113.178352 -1.3884
HI N.HH2H 155.4344 1185.8292 166.657974 1185.8292 166.657974 -1.2955
HI N.HHRH 155.4537 1185.9792 62.9879265 1185.9792 62.9879265 -1.4188
HI N.KTRH 155.4729 1185.8492 102.367096 1185.8492 102.367096 -1.2625
HI N.SOJH 155.4792 1185.8692 93.3147049 1185.8692 93.3147049 -1.2741
HI N.MMKH 155.5003 1186.0492 104.888931 1186.0492 104.888931 -1.4263
HI N.TOGH 155.5011 1185.8392 144.62233 1185.8392 144.62233 -1.2152
HI N.SSWH 155.5271 1185.7493 65.5425034 1185.7493 65.5425034 -1.0908
HI N.KWKH 155.5343 1186.0592 116.198959 1186.0592 116.198959 -1.3914
HI N.KOTH 155.5373 1185.9792 94.0268784 1185.9792 94.0268784 -1.3073
HI N.KOKH 155.5468 1185.9692 46.2199936 1185.9692 46.2199936 -1.2848
HI N.MSTH 155.581 1186.0592 97.7048569 1186.0592 97.7048569 -1.3294
HI N.CBAH 155.5892 1185.8492 157.418259 1185.8492 157.418259 -1.1086
HI N.IMIH 155.5979 1186.0093 235.326233 1186.0093 235.326233 -1.2573
HI N.MMOH 155.6237 1186.0592 131.455429 1186.0592 131.455429 -1.273
HI N.HHNH 155.6268 1186.0392 140.092667 1186.0392 140.092667 -1.2491
HI N.NGRH 155.6372 1186.0292 81.3191147 1186.0292 81.3191147 -1.2252
HI N.TKRH 155.6421 1186.2692 101.618149 1186.2692 101.618149 -1.4586
HI N.YTOH 155.6588 1186.0592 193.9189 1186.0592 193.9189 -1.2267
HI N.SAKH 155.6819 1186.1992 92.1655807 1186.1992 92.1655807 -1.3361
HI N.HOTH 155.688 1186.1092 119.140549 1186.1092 119.140549 -1.238
HI N.OGOH 155.6947 1186.2692 160.323822 1186.1492 148.599426 -1.3892
HI N.TBTH 155.6954 1186.0492 163.568924 1186.0492 163.568924 -1.1683
HI N.TKSH 155.7269 1186.0492 64.2412796 1186.0492 64.2412796 -1.1266
HI N.TOIH 155.7362 1186.3092 150.693634 1186.3092 150.693634 -1.3744
HI N.SHMH 155.7675 1186.1292 85.5153351 1186.1292 85.5153351 -1.1528
HI N.MNAH 155.7728 1186.2492 146.184753 1186.2492 146.184753 -1.2659
HI N.IKSH 155.803 1186.2892 129.664871 1186.2892 129.664871 -1.266
HI N.SMNH 155.8204 1186.1792 93.6105881 1186.1792 93.6105881 -1.1329
HI N.OM2H 155.827 1186.1892 117.341179 1186.1892 117.341179 -1.1343
HI N.KIZH 155.8332 1186.4192 153.751831 1186.4192 153.751831 -1.3559
HI N.KMDH 155.8641 1186.3192 67.153923 1186.3192 67.153923 -1.2152
HI N.KWTH 155.8651 1186.3593 162.200531 1186.3593 162.200531 -1.2539
HI N.NRTH 155.8731 1186.2592 63.7843361 1186.2592 63.7843361 -1.1432
HI N.HIMH 155.8751 1186.2992 101.424141 1186.2992 101.424141 -1.1805
HI N.TMOH 155.9227 1186.4992 196.087158 1186.4992 196.087158 -1.3177
HI N.SSSH 155.9368 1186.6792 126.348824 1186.6792 126.348824 -1.479
HI N.UOZH 155.9578 1186.4592 122.912956 1186.4592 122.912956 -1.2312
HI N.HBAH 155.9886 1186.4693 90.2917786 1186.4693 90.2917786 -1.2006
HI N.SHKH 155.9935 1186.4692 165.083984 1186.4692 165.083984 -1.194
HI N.EDSH 155.9962 1186.3092 65.7952499 1186.3092 65.7952499 -1.0305
HI N.ISSH 156.024 1186.4892 78.3574677 1186.4892 78.3574677 -1.1738
HI N.ISGH 156.0553 1186.5992 33.3813553 1186.5992 33.3813553 -1.2423
HI N.TBYH 156.0588 1186.6292 101.436455 1186.6292 101.436455 -1.2677
HI N.HRNH 156.0683 1186.7192 51.6119347 1186.7192 51.6119347 -1.3452
HI N.TGKH 156.0722 1186.6592 215.093292 1186.6592 215.093292 -1.2801
HI N.TGIH 156.0854 1186.6292 112.543007 1186.6292 112.543007 -1.2326
HI N.KGRH 156.1187 1186.5892 96.9333649 1186.5892 96.9333649 -1.1486
HI N.TSKH 156.1788 1186.7892 10261.8604 1186.7892 10261.8604 -1.2691
HI N.NKNH 156.1891 1186.7892 91.9952316 1186.7892 91.9952316 -1.2555
HI N.OHRH 156.207 1186.9192 106.237152 1186.9192 106.237152 -1.3618
HI N.IGWH 156.2096 1186.7993 105.842201 1186.7993 105.842201 -1.2385
HI N.TYOH 156.2143 1186.7593 140.325928 1186.7593 140.325928 -1.1921
HI N.TAYH 156.231 1186.8892 138.736374 1186.8892 138.736374 -1.3001
HI N.IWSH 156.3396 1186.9192 150.452805 1186.9192 150.452805 -1.1864
HI N.YGDH 156.3486 1187.0092 131.29126 1187.0092 131.29126 -1.2644
HI N.MOKH 156.3597 1187.1492 27.9600487 1187.1492 27.9600487 -1.39
HI N.NZWH 156.363 1186.8792 98.8514252 1186.8792 98.8514252 -1.1155
HI N.AWNH 156.3661 1187.0892 173.347961 1187.0892 173.347961 -1.3215
HI N.YZWH 156.3726 1187.0692 132.69635 1187.0692 132.69635 -1.2927
HI N.TNEH 156.3914 1187.0893 131.896866 1187.0893 131.896866 -1.2881
HI N.UMYH 156.4426 1187.0992 126.157684 1187.0992 126.157684 -1.2302
HI N.HGAH 156.4894 1187.3292 131.136719 1187.3292 131.136719 -1.3983
HI N.MOTH 156.5348 1187.3292 105.186653 1187.3292 105.186653 -1.3383
HI N.IICH 156.5563 1187.3592 133.793289 1187.3592 133.793289 -1.3399
HI N.GZNH 156.5584 1187.2192 137.716202 1187.2192 137.716202 -1.1971
HI N.SUZH 156.5746 1187.2892 260.406525 1187.2892 260.406525 -1.2457
HI N.SZWH 156.5957 1187.3092 194.292603 1187.3092 194.292603 -1.2378
HI N.UJEH 156.6036 1187.3593 433.442444 1187.3593 433.442444 -1.2773
HI N.KYWH 156.6301 1187.4392 61.6209641 1187.4392 61.6209641 -1.3222
HI N.MUIH 156.6588 1187.3993 83.4455109 1187.3993 83.4455109 -1.2445
HI N.YMAH 156.6631 1187.3892 65.1780853 1187.3892 65.1780853 -1.2287
HI N.KYEH 156.6853 1187.5392 142.19014 1187.5392 142.19014 -1.3494
HI N.BTOH 156.6923 1187.3692 118.193024 1187.3692 118.193024 -1.1701
HI N.KWNH 156.6963 1187.3092 172.38356 1187.3092 172.38356 -1.1049
HI N.YITH 156.7192 1187.4692 171.49884 1187.4692 171.49884 -1.2355
HI N.HMTH 156.7281 1187.5192 79.3215256 1187.5192 79.3215256 -1.2741
HI N.JUOH 156.7518 1187.4893 151.350235 1187.4893 151.350235 -1.214
HI N.YNTH 156.8136 1187.5893 110.287697 1187.5893 110.287697 -1.2355
HI N.DGOH 156.8266 1187.5792 159.908279 1187.5792 159.908279 -1.2089
HI N.THGH 156.8562 1187.6192 159.947968 1187.6192 159.947968 -1.2111
HI N.INAH 156.9203 1187.8392 155.434265 1187.8392 155.434265 -1.3497
HI N.NGOH 156.9745 1187.8093 274.485687 1187.8093 274.485687 -1.2508
HI N.TDMH 157.0199 1187.9692 114.047028 1187.9692 114.047028 -1.353
HI N.IWWH 157.0469 1187.8492 138.813019 1187.8492 138.813019 -1.1986
HI N.NGUH 157.0702 1187.8692 217.676895 1187.8692 217.676895 -1.189
HI N.SMGH 157.0961 1188.0092 128.038071 1188.0092 128.038071 -1.296
HI N.STDH 157.1484 1188.0392 114.558151 1188.0392 114.558151 -1.2595
HI N.YBKH 157.1739 1188.0692 267.698608 1188.0692 267.698608 -1.2572
HI N.NNMH 157.2166 1188.2392 155.253403 1188.2392 155.253403 -1.3729
HI N.KMKH 157.222 1188.0192 142.239899 1188.0192 142.239899 -1.1459
HI N.KMOH 157.2366 1188.1792 115.612511 1188.1792 115.612511 -1.2873
HI N.HTAH 157.2516 1188.0493 119.714676 1188.0493 119.714676 -1.1384
HI N.ATDH 157.2629 1188.2492 190.598511 1188.2492 190.598511 -1.3241
HI N.MRMH 157.3053 1188.1792 163.660812 1188.1792 163.660812 -1.1999
HI N.KRYH 157.3407 1188.2492 146.098969 1188.2492 146.098969 -1.2249
HI N.TWAH 157.369 1188.3492 126.243515 1188.3492 126.243515 -1.289
HI N.TSTH 157.3927 1188.4592 139.129593 1188.4592 139.129593 -1.3689
HI N.MRUH 157.499 1188.4592 95.2563782 1188.4592 95.2563782 -1.2338
HI N.NAZH 157.5204 1188.5792 122.775887 1188.5792 122.775887 -1.3265
HI N.MKJH 157.5307 1188.4593 101.3825 1188.4593 101.3825 -1.194
HI N.ATKH 157.5446 1188.5992 137.357544 1188.5992 137.357544 -1.317
HI N.INWH 157.5461 1188.5292 105.973526 1188.5292 105.973526 -1.2451
HI N.KMAH 157.6786 1188.6992 82.8486938 1188.6992 82.8486938 -1.2543
HI N.FKSH 157.7128 1188.7792 44.7494125 1188.7792 44.7494125 -1.2927
HI N.YNZH 157.739 1188.8992 200.098267 1188.8992 200.098267 -1.3809
HI N.ONIH 157.761 1188.7692 95.2770996 1188.7692 95.2770996 -1.2242
HI N.THTH 157.8455 1188.9292 175.281097 1188.9292 175.281097 -1.2817
HI N.NYOH 157.9684 1189.0192 98.6707458 1189.0192 98.6707458 -1.2222
HI N.KMYH 157.9875 1189.0092 130.036743 1189.0092 130.036743 -1.189
HI N.SISH 158.004 1189.2192 172.089981 1189.2192 172.089981 -1.3789
HI N.YGTH 158.152 1189.3392 222.166092 1189.3392 222.166092 -1.3193
HI N.IWNH 158.1672 1189.3292 75.4169006 1189.3292 75.4169006 -1.2908
HI N.KWSH 158.1746 1189.3093 163.037155 1189.3093 163.037155 -1.2619
HI N.ASAH 158.1973 1189.3392 116.981667 1189.3392 116.981667 -1.2641
HI N.NKEH 158.2602 1189.3592 119.507263 1189.3592 119.507263 -1.2079
HI N.TDOH 158.2933 1189.4792 105.153053 1189.4792 105.153053 -1.2877
HI N.TZWH 158.5768 1189.8092 150.736877 1189.8092 150.736877 -1.2733
HI N.FGTH 158.5961 1189.8692 131.665176 1189.8692 131.665176 -1.3098
HI N.MGMH 158.6489 1189.9793 141.342224 1189.9793 141.342224 -1.3557
HI N.TAJH 158.6761 1190.0092 99.5777817 1190.0092 99.5777817 -1.3528
HI N.NRKH 158.8117 1190.0892 102.853714 1190.0892 102.853714 -1.2681
HI N.OGCH 158.881 1190.2492 117.062134 1190.2492 117.062134 -1.3438
HI N.CHKH 158.9162 1190.1593 123.359146 1190.1593 123.359146 -1.2111
HI N.TOWH 158.9276 1190.1492 144.979858 1190.1492 144.979858 -1.1872
HI N.FSWH 159.009 1190.2792 108.535706 1190.2792 108.535706 -1.2185
HI N.ICEH 159.0114 1190.3592 155.421951 1190.3592 155.421951 -1.2955
HI N.YUZH 159.0706 1190.0992 133.557465 1190.0992 133.557465 -0.96519
HI N.HNRH 159.1228 1190.4392 144.205307 1190.4392 144.205307 -1.2458
HI N.KKWH 159.1369 1190.3792 152.425781 1190.3792 152.425781 -1.1698
HI N.OMRH 159.1985 1190.5292 136.465927 1190.5292 136.465927 -1.2497
HI N.RZTH 159.2123 1190.5092 169.809204 1190.5092 169.809204 -1.2139
HI N.KGSH 159.2281 1190.3393 244.590759 1190.3393 244.590759 -1.026
HI N.SMTH 159.3154 1190.6592 106.714195 1190.6592 106.714195 -1.2465
HI N.HMSH 159.3737 1190.4992 124.550797 1190.4992 124.550797 -1.02
HI N.TOUH 159.4346 1190.7892 117.516541 1190.7892 117.516541 -1.2409
HI N.KWAH 159.5136 1190.9192 115.51545 1190.9192 115.51545 -1.2807
HI N.KMIH 159.5178 1190.7692 115.018257 1190.7692 115.018257 -1.126
HI N.NSSH 159.5378 1190.9192 141.162476 1190.9192 141.162476 -1.2531
HI N.YHBH 159.6395 1191.0092 120.084229 1191.0092 120.084229 -1.2275
HI N.KASH 159.6566 1190.9493 106.465942 1190.9493 106.465942 -1.1481
HI N.NSNH 159.6801 1191.1193 136.935959 1191.1193 136.935959 -1.2914
HI N.YMDH 159.734 1191.0593 84.0473785 1191.0593 84.0473785 -1.1699
HI N.ANIH 159.785 1191.2093 118.283058 1191.2093 118.283058 -1.2618
HI N.KANH 159.8049 1191.1692 85.1863098 1191.1692 85.1863098 -1.1991
HI N.TMYH 159.9155 1191.2692 92.9260025 1191.2692 92.9260025 -1.1733
HI N.IWZH 159.9672 1191.3192 110.249054 1191.3192 110.249054 -1.1643
HI N.KZNH 159.9752 1191.4092 138.346359 1191.4092 138.346359 -1.2452
HI N.TROH 159.981 1191.3992 115.664429 1191.3992 115.664429 -1.2285
HI N.FSTH 160.0447 1191.4892 197.24321 1191.4892 197.24321 -1.2461
HI N.KZMH 160.0682 1191.4992 97.2254486 1191.4992 97.2254486 -1.2293
HI N.TSRH 160.0714 1191.5793 118.272301 1191.5793 118.272301 -1.3057
HI N.ASRH 160.0877 1191.5093 162.919861 1191.5093 162.919861 -1.2172
HI N.IHEH 160.1011 1191.5392 157.418869 1191.5392 157.418869 -1.2319
HI N.KHEH 160.2331 1191.6793 119.636307 1191.6793 119.636307 -1.2216
HI N.KJSH 160.2491 1191.6592 99.2800293 1191.6592 99.2800293 -1.1832
HI N.TTKH 160.2509 1191.7292 123.003685 1191.7292 123.003685 -1.2512
HI N.NHWH 160.2626 1191.6892 266.63623 1191.6892 266.63623 -1.1979
HI N.NYAH 160.2677 1191.8592 102.59951 1191.8592 102.59951 -1.3622
HI N.NHEH 160.2894 1191.8093 150.370819 1191.8093 150.370819 -1.2874
HI N.OWNH 160.2923 1191.8392 143.934845 1191.8392 143.934845 -1.3142
HI N.KOSH 160.349 1191.8092 116.650101 1191.8092 116.650101 -1.2196
HI N.IKIH 160.3561 1191.8992 158.332718 1191.8992 158.332718 -1.3014
HI N.KRMH 160.3827 1191.7892 113.635399 1191.7892 113.635399 -1.1612
HI N.KJNH 160.4389 1191.9092 78.9792099 1191.9092 78.9792099 -1.2172
HI N.KRIH 160.4392 1191.4992 94.0047531 1191.4992 94.0047531 -0.80681
HI N.NWAH 160.4841 1191.9792 157.037415 1191.9792 157.037415 -1.2363
HI N.TWWH 160.5082 1192.1092 116.066383 1192.1092 116.066383 -1.34
HI N.NHJH 160.7949 1192.2193 176.411499 1192.2193 176.411499 -1.142
HI N.RKSH 160.9741 1192.7492 209.347519 1192.7492 209.347519 -1.4824
HI N.SAIH 161.228 1192.7892 116.655937 1192.7892 116.655937 -1.2536
HI N.ASBH 161.5913 1193.1192 102.95488 1193.1192 102.95488 -1.199
HI N.KUMH 161.6301 1193.2192 156.672562 1193.2192 156.672562 -1.2581
HI N.KHYH 161.9346 1193.6092 200.569443 1193.6092 200.569443 -1.3256
HI N.KMNH 162.2122 1193.8593 101.145828 1193.8593 101.145828 -1.2992
HI N.SMMH 162.26 1193.8492 153.400558 1193.8492 153.400558 -1.2418
HI N.RNKH 162.4109 1194.0892 191.837204 1194.0892 191.837204 -1.3328
HI N.OHTH 162.4262 1193.9692 109.213821 1193.9692 109.213821 -1.1976
HI N.SOIH 162.4355 1194.0492 394.455231 1194.0492 394.455231 -1.2684
HI N.MKRH 162.4519 1194.1092 118.59671 1194.1092 118.59671 -1.3122
HI N.SAMH 162.4841 1194.2493 164.401352 1194.2493 164.401352 -1.4204
HI N.KYOH 162.5856 1193.9092 89.5362625 1193.9092 89.5362625 -0.98014
HI N.AGWH 162.7459 1194.2892 177.707001 1194.2892 177.707001 -1.2017
HI N.NCPH 162.814 1194.3693 116.010262 1194.3693 116.010262 -1.2145
HI N.FBRH 162.8184 1194.4592 99.7471237 1194.4592 99.7471237 -1.3001
HI N.BRWH 162.8222 1194.4392 167.491821 1194.4392 167.491821 -1.2763
HI N.OIWH 162.8596 1194.4092 102.403809 1194.4092 102.403809 -1.2093
HI N.BREH 162.875 1194.5393 164.45575 1194.5393 164.45575 -1.3242
HI N.TKIH 162.8767 1194.5492 147.669678 1194.5492 147.669678 -1.3324
HI N.YUBH 163.0244 1194.5992 95.892746 1194.5992 95.892746 -1.2364
HI N.SHZH 163.1639 1194.4892 40.5504684 1194.4892 40.5504684 -0.98855
HI N.MSAH 163.2085 1194.7693 125.88092 1194.7693 125.88092 -1.2246
HI N.MMRH 163.229 1194.7992 117.84758 1194.7992 117.84758 -1.2342
HI N.SMPH 163.2545 1194.8192 103.594009 1194.8192 103.594009 -1.2301
HI N.TOBH 163.2764 1194.8692 204.465988 1194.8692 204.465988 -1.2593
HI N.TYRH 163.2773 1194.9093 388.261566 1194.9093 388.261566 -1.2986
HI N.SKSH 163.4508 1194.9992 91.1571808 1194.9992 91.1571808 -1.2248
HI N.FRNH 163.4667 1195.0592 77.5400696 1195.0592 77.5400696 -1.2698
HI N.NFRH 163.5331 1194.9892 67.7150879 1194.9892 67.7150879 -1.1371
HI N.HBTH 163.592 1195.0792 166.873215 1195.0792 166.873215 -1.1721
HI N.SKNH 163.606 1195.2892 119.496109 1195.2892 119.496109 -1.3691
HI N.BEWH 163.6109 1195.1392 85.4846725 1195.1392 85.4846725 -1.2147
HI N.BEEH 163.6649 1195.2493 115.84243 1195.2493 115.84243 -1.2749
HI N.AYWH 163.6815 1195.2692 188.529373 1195.2692 188.529373 -1.2796
HI N.FGSH 163.6859 1195.2192 225.769333 1195.2192 225.769333 -1.2256
HI N.SNNH 163.7008 1195.2793 114.273529 1195.2793 114.273529 -1.2719
HI N.FGNH 163.8283 1195.3592 90.0205154 1195.3592 90.0205154 -1.2343
HI N.TREH 163.8928 1195.3192 232.976242 1195.3192 232.976242 -1.1347
HI N.SCSH 163.9492 1195.4792 323.817139 1195.4792 323.817139 -1.2427
HI N.HOSH 163.9773 1195.5592 113.430023 1195.5592 113.430023 -1.2968
HI N.WSMH 164.0029 1195.5293 72.9942856 1195.5293 72.9942856 -1.2434
HI N.KKAH 164.0343 1195.6392 140.20314 1195.6392 140.20314 -1.3242
HI N.HNKH 164.0486 1195.6193 145.121735 1195.6193 145.121735 -1.2913
HI N.HOCH 164.0878 1195.4392 87.3143387 1195.4392 87.3143387 -1.076
HI N.SCNH 164.0972 1195.6992 271.373871 1195.6992 271.373871 -1.3277
HI N.RBSH 164.1237 1195.5192 119.473892 1195.5192 119.473892 -1.1246
HI N.BKWH 164.1448 1195.7092 245.54126 1195.7092 245.54126 -1.2961
HI N.BKEH 164.229 1195.7892 357.171448 1195.7892 357.171448 -1.3023
HI N.HONH 164.2421 1195.8192 162.180893 1195.8192 162.180893 -1.3208
HI N.BHRH 164.3014 1195.9192 163.501251 1195.9192 163.501251 -1.3689
HI N.TUNH 164.4332 1195.9893 106.648392 1195.9893 106.648392 -1.3234
HI N.BFWH 164.4512 1195.9292 105.062233 1195.9292 105.062233 -1.2476
HI N.STSH 164.4542 1196.0992 144.044281 1196.0992 144.044281 -1.4149
HI N.SWEH 164.4605 1195.9392 132.688599 1195.9392 132.688599 -1.2494
HI N.MMBH 164.4821 1195.9292 157.962524 1195.9292 157.962524 -1.2205
HI N.KMZH 164.4969 1196.0692 90.5842361 1196.0692 90.5842361 -1.3475
HI N.STNH 164.571 1196.0992 259.86145 1196.0992 259.86145 -1.3125
HI N.SRMH 164.5722 1196.0893 110.673447 1196.0893 110.673447 -1.3016
HI N.BFEH 164.6128 1196.1492 108.4179 1196.1492 108.4179 -1.326
HI N.OPWH 164.6305 1196.2692 165.332962 1196.2692 165.332962 -1.4305
HI N.OPEH 164.6564 1196.3092 154.206268 1196.3092 154.206268 -1.4476
HI N.OUMH 164.6723 1196.2393 73.7001648 1196.2393 73.7001648 -1.3639
HI N.ONPH 164.7175 1196.1393 119.691475 1196.1393 119.691475 -1.2242
HI N.UNSH 164.7963 1196.2092 139.485519 1196.2092 139.485519 -1.225
HI N.SYNH 164.8259 1196.4392 136.40477 1196.4392 136.40477 -1.4292
HI N.UNNH 164.8635 1196.4392 149.165405 1196.4392 149.165405 -1.3963
HI N.HTBH 165.0652 1196.3892 167.212357 1196.3892 167.212357 -1.1695
