HI N.YKWH 150.4559 1173.5784 74.081261 1179.4184 145.36473 -0.039939
HI N.CRNH 150.5382 1172.9945 73.084404 1178.8845 419.91107 0.67168
HI N.UCNH 150.6739 1174.5226 106.34031 1180.0926 156.1646 -0.64597
HI N.KYAH 150.7171 1174.3694 85.474594 1180.3994 295.24396 -0.42609
HI N.KORH 150.8393 1174.3748 63.969349 1180.6448 249.52022 -0.24186
HI N.OSUH 150.9146 1174.6471 55.355553 1180.9171 193.70027 -0.39732
HI N.SENH 150.9264 1174.5337 64.754158 1180.8937 392.77484 -0.26567
HI N.KDIH 151.0063 1174.6521 44.525246 1181.1321 206.47897 -0.26037
HI N.AKNH 151.0091 1174.8571 83.222122 1181.2671 142.07314 -0.46089
HI N.NCNH 151.0462 1175.7998 105.1974 1182.0298 201.56567 -1.3461
HI N.MYJH 151.0865 1174.697 46.511513 1181.217 181.17422 -0.18088
HI N.MJSH 151.0963 1174.9327 98.048912 1181.4327 227.10744 -0.40131
HI N.NSMH 151.1196 1173.9705 73.987549 1180.4705 432.37454 0.59704
HI N.MJNH 151.168 1174.8557 68.579926 1181.3857 208.71518 -0.21322
HI N.MMTH 151.2259 1175.1263 126.64508 1181.6963 611.93335 -0.39396
HI N.SNWH 151.2855 1174.0782 50.216785 1180.6882 314.13123 0.74667
HI N.SUKH 151.3706 1174.3103 39.290813 1180.6203 211.86227 0.64541
HI N.HYOH 151.3968 1175.0747 83.968758 1180.7247 331.63287 -0.079436
HI N.ASKH 151.4145 1175.0489 42.818367 1180.6989 200.9063 -0.027077
HI N.KTMH 151.4357 1175.7526 57.644493 1182.4026 348.10275 -0.69877
HI N.UWEH 151.4748 1175.0909 61.615795 1180.9309 223.77898 0.021931
HI N.NGSH 151.5056 1175.583 45.106716 1181.423 379.6452 -0.4239
HI N.NRAH 151.5601 1175.4748 42.489159 1182.2548 221.06226 -0.23363
HI N.KWMH 151.6961 1176.0165 138.63173 1182.8065 345.4859 -0.57041
HI N.MSMH 151.7033 1175.247 42.782711 1181.147 207.452 0.2098
HI N.KKIH 151.7085 1176.0845 57.310925 1182.9745 142.50273 -0.61976
HI N.IZMH 151.7141 1175.3107 28.733835 1182.2207 92.700294 0.1624
HI N.NANH 151.7199 1175.6747 51.813801 1182.2747 204.50023 -0.19285
HI N.SBAH 151.7751 1175.4669 36.140594 1182.5269 94.804825 0.098211
HI N.TYNH 151.7861 1175.3434 51.247623 1182.3634 154.54947 0.23816
HI N.HRDH 151.791 1175.91 76.650833 1182.89 99.396675 -0.32115
HI N.TKKH 151.7993 1176.1105 77.278687 1182.9405 115.65343 -0.50907
HI N.TGOH 151.8046 1176.385 83.255753 1183.125 445.20688 -0.77558
HI N.HYGH 151.8544 1176.0223 69.369865 1183.0523 193.20152 -0.3379
HI N.SBSH 151.862 1176.4071 73.360405 1183.4171 265.29303 -0.71117
HI N.MRTH 151.8986 1175.9024 48.230003 1181.8924 102.00594 -0.15142
HI N.YABH 151.9022 1175.8158 57.237755 1182.8358 232.01772 -0.059436
HI N.SBNH 151.9209 1176.5057 107.53628 1183.6957 183.22351 -0.72115
HI N.MSIH 151.9564 1175.7472 52.651794 1182.8572 197.94576 0.090774
HI N.GKSH 151.9798 1175.685 24.246788 1182.805 126.53297 0.1883
HI N.IMRH 152.0128 1176.4319 49.665741 1183.5219 224.17188 -0.50901
HI N.NOBH 152.0197 1176.7282 78.829269 1183.6882 292.5145 -0.79483
HI N.SRIH 152.0249 1176.5976 56.586807 1182.6776 327.26282 -0.65642
HI N.TMNH 152.0283 1175.9751 29.453678 1181.9551 126.83079 -0.028816
HI N.HKSH 152.0747 1175.8576 63.603493 1181.8676 262.26141 0.15867
HI N.KKCH 152.1401 1176.2292 55.101707 1182.2092 126.6164 -0.11447
HI N.KIGH 152.187 1176.9733 67.267982 1184.1333 182.09496 -0.78796
HI N.KHKH 152.1873 1176.3958 47.912445 1183.6358 240.36763 -0.20991
HI N.CZEH 152.2297 1175.8911 32.714241 1183.6811 109.03026 0.35852
HI N.NMNH 152.248 1176.4821 65.3358 1183.1921 345.18732 -0.20488
HI N.UMWH 152.2606 1176.2381 60.526196 1183.5381 133.63026 0.058011
HI N.FJIH 152.2773 1176.6374 63.213894 1183.9774 148.23714 -0.3161
HI N.HSFH 152.3042 1176.9371 64.655525 1184.2071 205.39278 -0.57524
HI N.UMEH 152.3214 1176.9407 71.82415 1184.3307 159.63103 -0.55292
HI N.TAKH 152.3295 1176.3197 72.068535 1183.5397 138.53847 0.080183
HI N.OGNH 152.3379 1176.6639 54.664185 1183.7739 159.21341 -0.25126
HI N.UKHH 152.3939 1177.1341 95.04689 1184.3841 227.96913 -0.63715
HI N.TARH 152.3947 1176.9441 43.393955 1184.2541 173.62857 -0.44594
HI N.MIEH 152.4124 1176.4637 40.357544 1183.9237 89.854858 0.061053
HI N.SNIH 152.4518 1175.7921 61.787769 1183.0621 206.8154 0.79139
HI N.SIKH 152.4623 1176.3619 73.930267 1183.8819 638.31451 0.23684
HI N.UMIH 152.5331 1177.2066 28.071812 1184.1466 103.92 -0.50466
HI N.KKEH 152.5386 1176.6807 23.127258 1183.9607 142.50064 0.029241
HI N.NTHH 152.5436 1176.7346 78.418953 1184.2746 281.43063 -0.017317
HI N.KIWH 152.555 1176.7362 67.986252 1183.8762 369.0542 -0.0023605
HI N.YGNH 152.585 1176.8524 59.59861 1183.3624 272.31534 -0.074665
HI N.KAHH 152.5993 1177.4113 85.184563 1184.6813 132.36967 -0.61275
HI N.SGWH 152.658 1177.0642 49.261276 1184.7442 177.51237 -0.18021
HI N.WKMH 152.6709 1177.282 48.29525 1184.362 155.27248 -0.37917
HI N.YMGH 152.78 1176.423 48.424309 1183.523 293.2753 0.63888
HI N.BZNH 152.784 1176.6096 53.021206 1183.4796 150.55586 0.45823
HI N.GENH 152.7864 1177.3594 56.380482 1184.0194 197.98775 -0.2881
HI N.TSMH 152.8247 1178.034 88.882149 1184.534 120.98262 -0.90676
HI N.MISH 152.951 1177.679 62.873749 1185.209 126.51003 -0.36788
HI N.NAKH 152.9834 1178.311 82.578766 1186.051 197.0029 -0.95248
HI N.KKYH 152.9848 1177.302 32.151241 1184.022 150.30768 0.058636
HI N.IKTH 153.1104 1177.9408 61.405888 1184.8108 159.37048 -0.39709
HI N.UWAH 153.1417 1178.686 98.593666 1186.226 137.64067 -1.0966
HI N.HIYH 153.1633 1178.6977 102.7215 1186.5377 180.57933 -1.0768
HI N.TSYH 153.1709 1178.0737 42.916954 1185.4237 166.23531 -0.44174
HI N.TYUH 153.1879 1177.8566 36.771076 1184.5866 80.535942 -0.19985
HI N.UBEH 153.1996 1177.4522 35.825207 1184.7822 95.096992 0.22152
HI N.KIKH 153.2156 1177.7447 71.278114 1184.6647 153.80664 -0.047634
HI N.MNEH 153.2477 1177.8177 41.716946 1184.5977 106.27845 -0.073923
HI N.KWBH 153.2965 1179.0474 82.196526 1185.8674 173.78278 -1.2324
HI N.OOZH 153.3146 1179.0437 97.400055 1185.9937 122.25858 -1.2023
HI N.HOFH 153.3513 1179.8673 23.975271 1184.1573 50.863552 -1.9723
HI N.KNSH 153.3537 1177.7747 47.183865 1185.7747 47.843903 0.12378
HI N.SSKH 153.3874 1178.8415 94.358269 1185.7415 158.33278 -0.89392
HI N.YNDH 153.4198 1179.1195 77.066147 1186.1295 185.86224 -1.1248
HI N.NGTH 153.4638 1177.6986 42.658939 1184.7586 65.058365 0.36039
HI N.TBEH 153.5045 1179.1027 98.1502 1186.1827 192.71313 -0.9843
HI N.SYTH 153.5181 1178.1174 52.915356 1184.9774 128.38358 0.020823
HI N.TOHH 153.5561 1178.9424 75.318794 1185.9924 119.37973 -0.7488
HI N.INOH 153.5668 1178.1465 63.185917 1186.1765 225.09851 0.062732
HI N.IKKH 153.5683 1179.2344 59.959141 1187.3244 115.19259 -1.0231
HI N.HGIH 153.5908 1177.98 52.383938 1185.9 51.250366 0.26409
HI N.MURH 153.592 1178.9663 85.083405 1185.9763 167.36113 -0.72028
HI N.MKWH 153.6448 1178.2674 42.299763 1185.1974 69.244606 0.055515
HI N.IKNH 153.6863 1178.7957 80.383728 1185.7657 121.22456 -0.41383
HI N.GSIH 153.6969 1179.2117 75.813446 1186.3217 150.06372 -0.81489
HI N.GHKH 153.7006 1179.4176 63.763252 1186.5676 120.13979 -1.0155
HI N.KRHH 153.7604 1179.242 96.677872 1186.442 159.4438 -0.75482
HI N.TBRH 153.7705 1179.4762 64.153381 1186.7662 159.72855 -0.97462
HI N.MICH 153.7787 1178.483 49.602184 1185.533 68.165382 0.030047
HI N.SJOH 153.7789 1179.6375 96.812729 1186.8475 198.48552 -1.1241
HI N.OKMH 153.8074 1179.1316 112.69847 1187.2016 157.43205 -0.57774
HI N.KTGH 153.8112 1179.457 64.168571 1186.607 197.86734 -0.89767
HI N.MTYH 153.8167 1179.6443 75.585579 1186.8843 156.75436 -1.0772
HI N.KHUH 153.8307 1179.705 86.81427 1186.845 198.16734 -1.1178
HI N.SKIH 153.8816 1178.9546 66.60173 1186.1546 65.913902 -0.2952
HI N.TMGH 153.903 1178.1358 53.595387 1185.4758 80.290283 0.55397
HI N.KURH 153.9642 1179.29 69.06813 1186.59 78.759674 -0.51324
HI N.HISH 153.9832 1179.2806 86.321129 1187.4706 72.600311 -0.47681
HI N.HIKH 153.9854 1178.3414 51.13147 1186.5314 78.503464 0.4655
HI N.SINH 153.9883 1179.8268 70.123016 1187.1868 110.11036 -1.0158
HI N.MYKH 154.0284 1179.5446 101.56477 1186.9346 138.45937 -0.67658
HI N.TGUH 154.0668 1179.6953 99.906288 1187.0853 89.484596 -0.77268
HI N.MITH 154.1039 1179.7963 108.19225 1187.1663 132.02571 -0.821
HI N.KYDH 154.12 1180.0177 70.469193 1188.2877 115.64762 -1.02
HI N.HRSH 154.1482 1179.4268 38.505817 1187.7168 56.78252 -0.39014
HI N.IKWH 154.1494 1180.4184 90.843376 1187.7384 165.74336 -1.3802
HI N.HWSH 154.1521 1180.1854 77.169235 1188.2854 102.81276 -1.1434
HI N.HHIH 154.1706 1179.6473 79.565659 1187.0673 114.20049 -0.57977
HI N.MIHH 154.1794 1179.6193 70.361343 1187.0493 111.28191 -0.53961
HI N.SADH 154.2283 1180.2489 37.730221 1188.6789 98.322296 -1.1015
HI N.MNOH 154.2644 1179.99 65.118248 1188.61 128.91682 -0.79281
HI N.GEIH 154.2777 1179.641 53.820045 1188.261 91.488365 -0.42545
HI N.SSMH 154.295 1180.0931 53.848431 1188.5831 123.22475 -0.85357
HI N.NMKH 154.3005 1179.9903 74.662468 1187.5003 89.127388 -0.74325
HI N.DWAH 154.3087 1179.9423 64.755386 1187.4323 59.61599 -0.68401
HI N.YSHH 154.3094 1180.0836 91.955833 1188.6236 93.260483 -0.82421
HI N.KNGH 154.3334 1179.5692 50.551346 1187.1492 76.106964 -0.27663
HI N.MIGH 154.3503 1180.0804 68.018211 1187.6204 81.896812 -0.76447
HI N.TOKH 154.3598 1180.4571 63.564156 1187.9071 110.28305 -1.128
HI N.AYKH 154.3672 1180.2488 67.033852 1187.8388 101.87871 -0.9096
HI N.KTDH 154.3838 1180.2927 55.26733 1188.9527 167.60246 -0.93051
HI N.IWAH 154.4115 1179.6107 60.576427 1188.2607 75.439262 -0.21031
HI N.OTOH 154.4389 1180.0762 72.05706 1188.9562 100.1719 -0.63788
HI N.NKTH 154.4431 1180.1527 92.169762 1187.7627 80.056953 -0.70849
HI N.KSAH 154.4476 1180.2758 76.417633 1187.8758 43.734001 -0.82533
HI N.MKIH 154.4826 1180.5221 56.256607 1189.3321 83.112633 -1.0233
HI N.HSMH 154.4832 1179.788 50.386688 1188.298 80.394333 -0.28833
HI N.GOTH 154.4833 1179.5557 61.8265 1188.1557 77.199921 -0.055905
HI N.OHCH 154.4967 1180.6453 69.256866 1188.3253 123.07185 -1.127
HI N.HRKH 154.5769 1180.7741 76.459999 1189.4841 100.95776 -1.1451
HI N.TAMH 154.6076 1180.4801 49.650311 1188.1501 62.392632 -0.8086
HI N.KTWH 154.6227 1180.5413 74.737175 1189.3313 63.119877 -0.84892
HI N.KHOH 154.6309 1180.4092 82.413681 1189.3792 83.972664 -0.70546
HI N.BSEH 154.6316 1180.7245 82.359993 1188.3345 98.333656 -1.0198
HI N.JNSH 154.6339 1180.7707 78.004463 1188.4707 57.822025 -1.0629
HI N.OOCH 154.6407 1179.8029 43.576466 1188.5529 67.121078 -0.085622
HI N.MABH 154.6582 1180.5979 79.711685 1189.3079 100.3998 -0.85648
HI N.TKWH 154.7062 1180.7574 61.358864 1189.7674 57.058147 -0.94951
HI N.UUMH 154.713 1180.6547 89.613815 1189.4747 83.854218 -0.8376
HI N.MHRH 154.7242 1180.2977 81.553787 1190.1877 56.173786 -0.46494
HI N.NKMH 154.752 1180.7793 61.225822 1189.9893 75.91291 -0.90823
HI N.TKEH 154.7755 1180.8974 51.475636 1188.7774 86.439362 -0.99381
HI N.TTAH 154.7985 1180.2923 79.090889 1189.9623 109.11312 -0.35687
HI N.WKYH 154.8107 1180.7395 91.442055 1190.1695 169.09729 -0.78735
HI N.OKYH 154.8166 1180.6684 78.214142 1189.5584 62.844223 -0.70809
HI N.YSDH 154.8247 1180.1042 55.232807 1192.1642 54.846622 -0.13254
HI N.HNZH 154.8268 1181.0441 63.559872 1190.1341 110.89192 -1.0697
HI N.SDAH 154.8296 1180.4047 72.390251 1189.2647 97.198006 -0.42628
HI N.SETH 154.89 1180.7252 70.338203 1189.7452 68.117386 -0.6633
HI N.SGOH 154.8912 1180.9036 94.639114 1189.9636 87.198112 -0.84017
HI N.HKBH 154.8989 1181.0287 80.558594 1190.0987 50.808559 -0.95463
HI N.TKBH 154.9203 1180.9086 79.043137 1189.8586 99.0961 -0.80493
HI N.HNSH 154.9414 1181.0197 43.277252 1189.7697 43.313076 -0.88677
HI N.OWSH 154.9614 1181.0781 80.513206 1190.1981 65.581398 -0.91762
HI N.NITH 154.9627 1180.6472 102.7532 1189.6472 89.431709 -0.48485
HI N.NAGH 154.968 1181.0083 77.576363 1192.9883 78.714264 -0.83874
HI N.TJRH 154.9824 1180.944 45.686176 1190.044 44.556499 -0.75455
HI N.KACH 154.9999 1180.7146 116.442 1189.6846 105.2151 -0.50093
HI N.HIRH 155.038 1180.5744 82.469872 1189.3344 60.533028 -0.30802
HI N.AIOH 155.0712 1181.0802 57.485245 1190.4002 33.796669 -0.76797
HI N.KRTH 155.0788 1181.3268 82.937157 1190.2468 33.142849 -1.0039
HI N.HINH 155.0809 1180.7401 85.640854 1189.9401 72.63224 -0.41452
HI N.HKTH 155.0916 1180.6993 98.068092 1189.8493 101.63364 -0.35888
HI N.KMGH 155.115 1181.0015 50.213028 1190.2715 67.76474 -0.62872
HI N.KAWH 155.1193 1181.1108 55.122673 1190.3508 41.620598 -0.73199
HI N.YBRH 155.1386 1181.1891 98.699677 1190.2191 91.305077 -0.78369
HI N.SYOH 155.1977 1181.2012 50.267765 1190.5012 40.856003 -0.71418
HI N.KKGH 155.2045 1181.3221 59.029072 1190.1821 67.935135 -0.82566
HI N.KSIH 155.2066 1181.0688 150.29913 1190.4288 116.42574 -0.56942
HI N.SGUH 155.2178 1181.2342 80.538338 1190.5942 63.473904 -0.71934
HI N.TISH 155.2225 1181.0132 41.516785 1190.3432 65.066429 -0.49187
HI N.MZKH 155.2283 1181.0173 74.543686 1190.2673 91.803139 -0.48787
HI N.HYSH 155.256 1181.1519 56.320347 1190.5819 80.662369 -0.58429
HI N.MGWH 155.2834 1181.2574 53.255569 1189.9574 90.279877 -0.65177
HI N.OHAH 155.2928 1181.4898 61.872292 1190.7998 56.032448 -0.87128
HI N.NKOH 155.2995 1181.4155 70.186317 1190.8555 85.991669 -0.78768
HI N.KSBH 155.319 1181.3071 89.36174 1190.7771 76.7332 -0.65236
HI N.SKGH 155.3294 1181.2314 112.59406 1190.7014 59.225204 -0.56225
HI N.MHSH 155.3396 1181.1726 308.75134 1192.8226 206.25055 -0.48933
HI N.TRIH 155.3399 1180.7773 61.710442 1190.4673 61.033474 -0.093737
HI N.SMAH 155.3408 1181.6964 94.702362 1190.0664 127.12891 -1.0116
HI N.YMSH 155.3524 1181.3476 45.504971 1190.7276 50.227962 -0.64682
HI N.WATH 155.3596 1180.9814 69.110901 1190.1214 49.834423 -0.27056
HI N.AKSH 155.3783 1180.4205 91.813126 1190.6205 44.132576 0.31616
HI N.TJOH 155.3816 1181.527 55.211697 1189.727 91.414062 -0.78582
HI N.CHZH 155.4019 1181.5392 75.297981 1191.0792 75.943993 -0.76975
HI N.KTNH 155.4552 1181.3599 47.533401 1190.3799 36.785706 -0.51759
HI N.YZEH 155.4558 1181.0815 38.59977 1190.1915 36.140362 -0.23851
HI N.URSH 155.4703 1181.5879 42.378559 1190.2679 57.473221 -0.72575
HI N.HAGH 155.4719 1181.7155 73.612434 1191.2055 99.306793 -0.85114
HI N.KAMH 155.4955 1181.6442 54.238838 1190.9742 87.030731 -0.74867
HI N.MASH 155.5083 1181.4252 78.430229 1190.4152 87.186317 -0.51276
HI N.KWHH 155.5163 1181.4877 60.737499 1190.0677 90.012978 -0.5646
HI N.KMMH 155.5924 1181.8338 43.978024 1191.1838 71.982491 -0.80997
HI N.SSYH 155.5957 1182.0249 48.378651 1191.4649 71.446838 -0.99679
HI N.KMEH 155.6419 1182.174 64.493111 1191.714 107.61231 -1.0849
HI N.SGRH 155.6438 1181.5547 63.819611 1191.7247 58.395962 -0.46299
HI N.OYMH 155.6449 1181.9031 48.028568 1191.6531 56.118847 -0.80998
HI N.SNTH 155.6703 1182.0529 56.62196 1191.3829 71.185234 -0.92619
HI N.MROH 155.7229 1182.0565 87.283485 1191.7065 84.006912 -0.86018
HI N.IAMH 155.7274 1181.8533 57.432365 1191.7033 98.002991 -0.65104
HI N.FKCH 155.7661 1182.3004 60.686569 1191.9904 57.736801 -1.0471
HI N.IZSH 155.8042 1182.1873 68.565369 1191.9273 69.387024 -0.88357
HI N.HNOH 155.8194 1181.812 52.658794 1191.212 79.412231 -0.48828
HI N.MYMH 155.866 1182.3792 48.209305 1192.1592 67.833313 -0.9937
HI N.KSMH 155.8806 1182.1098 73.800957 1190.9698 68.588249 -0.70505
HI N.TYHH 155.8939 1182.1957 53.515747 1192.5357 67.529541 -0.77335
HI N.HAZH 155.9225 1181.7671 54.717144 1192.4071 77.833176 -0.3069
HI N.OTUH 155.9521 1182.5797 50.215969 1192.3797 45.853443 -1.0804
HI N.NDGH 155.9546 1182.3848 84.050026 1192.4648 120.71786 -0.88214
HI N.HMMH 156.0033 1181.4544 108.32134 1192.0544 118.05003 0.11264
HI N.THNH 156.0211 1182.4521 95.854401 1192.6721 75.140617 -0.86152
HI N.ANJH 156.0403 1182.4861 35.265919 1192.5561 39.394318 -0.87029
HI N.TKHH 156.0459 1182.3712 68.392677 1194.6912 115.01825 -0.74779
HI N.AMNH 156.0635 1182.5683 134.20587 1192.5983 117.30533 -0.92173
HI N.OBMH 156.0965 1182.534 56.974739 1191.414 39.830318 -0.84371
HI N.NUKH 156.1026 1182.4384 59.564178 1192.6084 103.57088 -0.74018
HI N.TAGH 156.1031 1182.2074 44.165977 1192.7474 32.252457 -0.50841
HI N.OKZH 156.1251 1182.2779 97.589851 1192.7879 77.236671 -0.54986
HI N.SSRH 156.1399 1182.4073 75.870186 1192.7073 65.227646 -0.65977
HI N.INEH 156.1657 1182.7348 84.885971 1191.7848 62.224361 -0.95311
HI N.TDEH 156.1666 1182.5495 78.807297 1192.7995 69.523788 -0.76665
HI N.KIDH 156.1918 1181.9747 43.296467 1192.9247 55.914459 -0.15849
HI N.MIKH 156.2363 1182.7376 44.891953 1191.6976 29.322084 -0.86252
HI N.KYSH 156.2401 1182.2748 45.608063 1192.7748 46.852501 -0.39475
HI N.HMAH 156.247 1182.1487 24.46216 1194.7087 30.746141 -0.2594
HI N.NGKH 156.2705 1182.2774 43.962017 1192.8974 136.79883 -0.35709
HI N.HOUH 156.2763 1182.4929 55.412354 1192.2829 39.602524 -0.56489
HI N.KSGH 156.2919 1181.8755 54.751789 1193.1555 99.804611 0.073118
HI N.ASUH 156.3178 1182.405 51.608826 1192.895 60.740681 -0.42217
HI N.MIZH 156.3226 1182.3911 196.96022 1192.2011 131.93529 -0.40188
HI N.TT2H 156.3487 1182.5115 60.420406 1192.7415 36.772732 -0.48772
HI N.KNEH 156.3542 1182.7251 86.441208 1192.6951 84.494278 -0.69408
HI N.TRGH 156.3627 1182.8697 61.901958 1191.9697 39.741299 -0.82742
HI N.KGIH 156.3858 1182.4765 45.519066 1193.1165 73.178963 -0.40371
HI N.STRH 156.3923 1182.6955 87.602913 1193.0855 93.534103 -0.61405
HI N.TNMH 156.444 1182.6951 57.984238 1193.4651 98.563362 -0.54544
HI N.SKUH 156.455 1182.1207 47.579342 1193.2707 72.659828 0.043621
HI N.KWZH 156.4621 1182.3974 98.968483 1192.5374 47.355595 -0.22371
HI N.TYEH 156.4777 1182.5039 86.553703 1192.2939 61.971504 -0.30971
HI N.TKTH 156.4855 1182.7317 53.200405 1193.2117 76.714149 -0.5271
HI N.SOSH 156.5042 1182.6712 60.498047 1193.0612 69.185822 -0.442
HI N.MKMH 156.5046 1182.586 55.412117 1193.256 74.94735 -0.35611
HI N.NEOH 156.5462 1183.1103 73.224709 1193.8703 36.732216 -0.82548
HI N.HRYH 156.5638 1183.2572 36.568455 1193.1672 59.208382 -0.94914
HI N.MS2H 156.5713 1182.5508 63.207314 1193.3308 66.218422 -0.23271
HI N.YOTH 156.6113 1182.7148 69.1856 1193.5448 77.516113 -0.34398
HI N.SZJH 156.6268 1182.7408 221.37762 1193.1108 97.716728 -0.34931
HI N.SZUH 156.633 1183.1496 74.578499 1193.4696 55.76255 -0.74991
HI N.MSNH 156.6439 1182.685 83.144882 1193.395 80.062256 -0.27093
HI N.ITHH 156.6477 1182.6666 69.736694 1192.8866 93.478371 -0.24757
HI N.OTAH 156.6531 1182.9318 60.688881 1193.4818 72.595146 -0.50562
HI N.NTGH 156.6531 1183.2999 58.462055 1193.6999 76.677307 -0.87365
HI N.ITDH 156.6844 1183.3974 58.577244 1193.9774 60.327888 -0.93023
HI N.MNMH 156.6882 1183.0011 83.169197 1193.8911 96.467514 -0.52921
HI N.ST4H 156.7294 1181.8593 12.218474 1195.0093 2.1970928 0.66515
HI N.SONH 156.7317 1183.3155 61.650799 1196.5355 48.661629 -0.78831
HI N.KAYH 156.7349 1182.8544 75.620041 1196.0344 40.789032 -0.32303
HI N.SBKH 156.7414 1183.3077 83.792274 1194.8277 58.388351 -0.76814
HI N.KNIH 156.748 1182.659 135.16263 1195.119 111.59869 -0.11098
HI N.HSKH 156.7754 1182.7231 57.423313 1196.0631 23.882162 -0.14022
HI N.TKGH 156.8292 1182.5167 42.785408 1196.5267 51.43755 0.13457
HI N.NGIH 156.8333 1182.7982 60.38166 1195.9782 56.775955 -0.14166
HI N.MBUH 156.8377 1183.5738 93.633011 1196.8838 99.231316 -0.91182
HI N.YMTH 156.8407 1182.96 53.316002 1193.98 34.085495 -0.29411
HI N.TY2H 156.8496 1182.7821 479.59378 1195.3721 187.10545 -0.10483
HI N.IZUH 156.8569 1183.0302 48.353111 1196.8102 56.473164 -0.34367
HI N.HYKH 156.8884 1182.9015 52.196136 1196.3115 30.295986 -0.17503
HI N.GR2H 156.9017 1183.0438 86.016525 1197.2838 55.259815 -0.30035
HI N.CKRH 156.902 1182.6807 320.88614 1195.4007 323.70486 0.063157
HI N.TSUH 156.9218 1183.8643 56.728275 1196.1943 52.368217 -1.0952
HI N.ODWH 156.9399 1182.9205 106.89468 1197.5705 44.347878 -0.12834
HI N.MZEH 156.9613 1183.2586 35.351986 1196.5586 26.243416 -0.4394
HI N.HYNH 156.9767 1183.4905 73.154053 1196.2405 16.908722 -0.65159
HI N.AGMH 157.0337 1182.9319 49.303684 1196.3419 40.795174 -0.020661
HI N.MSFH 157.0431 1183.8581 146.17979 1196.7781 87.050308 -0.93476
HI N.SYKH 157.0502 1182.9921 30.758507 1196.5921 24.328283 -0.059743
HI N.MTDH 157.0528 1183.1039 193.03137 1195.9339 136.75919 -0.16819
HI N.KKKH 157.0602 1183.5059 77.752075 1196.4559 41.351791 -0.56082
HI N.KMWH 157.0655 1182.8861 111.80775 1197.1561 47.921688 0.065691
HI N.YM2H 157.0776 1183.2332 91.82872 1198.3532 88.269196 -0.26601
HI N.KGNH 157.0801 1182.7825 47.566307 1197.2025 42.869583 0.18795
HI N.KADH 157.1306 1183.6511 37.971455 1198.0511 14.559354 -0.6166
HI N.INHH 157.1374 1183.5153 45.869675 1197.4353 52.923523 -0.47204
HI N.TRUH 157.139 1183.335 47.750427 1196.255 37.931385 -0.28967
HI N.TU2H 157.1444 1183.2422 101.73299 1198.2522 76.412346 -0.19008
HI N.ASSH 157.1495 1183.987 51.730793 1197.037 45.300869 -0.92826
HI N.HSEH 157.1509 1183.6058 52.568619 1197.5358 56.115307 -0.54542
HI N.ATGH 157.1514 1182.6433 66.553009 1197.7833 25.124846 0.41762
HI N.OKCH 157.1603 1184.5654 88.381119 1199.5554 27.342936 -1.4931
HI N.KIYH 157.168 1182.9086 78.377831 1197.7186 50.315102 0.17358
HI N.TMAH 157.1996 1184.1215 84.514099 1197.4315 75.03434 -0.99917
HI N.ASNH 157.2016 1184.1134 58.425102 1198.4434 43.098259 -0.98855
HI N.KSOH 157.2117 1183.616 38.675327 1196.536 38.249218 -0.4782
HI N.SRWH 157.2257 1183.5825 82.09166 1197.8925 61.283203 -0.42696
HI N.NSHH 157.2442 1183.6306 63.567356 1196.6506 41.678196 -0.4515
HI N.OOKH 157.2532 1183.5091 111.97606 1196.3491 54.571255 -0.31857
HI N.NGWH 157.2797 1183.6192 45.646 1196.6892 42.408607 -0.39496
HI N.FRKH 157.2944 1184.0835 50.621948 1197.9135 33.384975 -0.8406
HI N.TTNH 157.3037 1183.7128 22.753862 1197.5128 19.990953 -0.45806
HI N.FJOH 157.3135 1183.5858 118.4233 1196.8858 79.017319 -0.31858
HI N.CHNH 157.3225 1182.4822 51.485481 1197.5522 29.144156 0.79636
HI N.FMIH 157.3297 1183.8756 32.284016 1197.8156 50.58466 -0.58785
HI N.KNZH 157.3606 1183.95 84.127579 1198.5 63.157688 -0.62295
HI N.SDMH 157.3638 1184.224 71.314827 1197.264 64.630722 -0.89278
HI N.HH2H 157.3676 1183.505 109.97651 1196.745 66.848503 -0.16904
HI N.HOJH 157.3765 1183.3986 114.07221 1196.6886 50.121124 -0.051359
HI N.HHRH 157.3867 1183.5396 48.645096 1196.9496 35.357956 -0.17925
HI N.KTRH 157.3988 1184.3347 52.825466 1198.7847 18.71059 -0.95905
HI N.SOJH 157.4077 1184.1535 63.868351 1194.2235 54.604782 -0.76656
HI N.TOGH 157.4233 1184.6181 69.676842 1194.6381 35.104454 -1.2113
HI N.MMKH 157.4313 1183.9526 63.180599 1195.0426 33.057579 -0.53558
HI N.SSWH 157.4564 1183.4221 35.987778 1193.7121 32.73716 0.026834
HI N.KWKH 157.4656 1184.1231 74.332466 1198.1831 60.727089 -0.66238
HI N.KOTH 157.4713 1183.0922 64.009315 1196.0822 30.897995 0.37555
HI N.KOKH 157.4714 1184.2332 43.335365 1196.1432 18.07552 -0.76518
HI N.MSTH 157.5087 1184.0659 59.289726 1194.4459 79.853088 -0.5511
HI N.IMIH 157.519 1184.5372 109.52489 1198.0872 52.889526 -1.01
HI N.MMOH 157.552 1184.4886 60.48774 1197.8886 24.838173 -0.92117
HI N.HHNH 157.56 1183.7666 103.97708 1195.0666 83.4953 -0.18959
HI N.NGRH 157.5701 1183.6866 41.856266 1200.3266 17.265207 -0.097263
HI N.TKRH 157.5758 1183.4823 73.654648 1197.9223 77.81321 0.11399
HI N.YTOH 157.5813 1184.3475 80.253822 1198.8875 62.780445 -0.74457
HI N.SAKH 157.6129 1184.063 77.783508 1198.423 25.135927 -0.42176
HI N.TBTH 157.6146 1184.4712 119.13933 1196.0212 81.001396 -0.82791
HI N.HOTH 157.6152 1184.3867 42.447681 1198.1867 38.136868 -0.74267
HI N.OGOH 157.6272 1184.3698 131.98598 1195.7298 67.416245 -0.71124
HI N.TKSH 157.6564 1184.1142 42.033112 1195.4642 36.178764 -0.42009
HI N.TOIH 157.6692 1184.097 66.858871 1194.497 50.793068 -0.38733
HI N.DMOH 157.6732 1184.7708 169.13139 1196.4608 62.558979 -1.0564
HI N.SHMH 157.7015 1183.6962 67.826393 1195.1962 45.928894 0.052679
HI N.MNAH 157.7055 1184.0953 102.48156 1197.6753 36.410923 -0.34147
HI N.KNAH 157.7198 1184.3867 92.86264 1197.8067 33.082283 -0.61556
HI N.IKSH 157.7307 1184.6957 95.308609 1199.0857 103.28742 -0.91129
HI N.IWTH 157.7491 1183.1493 46.008587 1197.7693 44.961288 0.65735
HI N.SMNH 157.7518 1183.7731 60.708237 1199.4231 33.215786 0.036976
HI N.OM2H 157.7538 1184.4153 52.43317 1199.0253 42.619766 -0.60293
HI N.TOYH 157.7593 1184.2761 120.09154 1198.3561 47.178555 -0.45705
HI N.KIZH 157.7657 1184.3101 115.49613 1197.8801 41.870945 -0.48324
HI N.MYTH 157.7719 1183.8428 42.767258 1194.9628 53.430912 -0.0083711
HI N.YMIH 157.7812 1183.4545 41.882198 1197.1945 20.911484 0.39117
HI N.KMDH 157.7927 1184.128 66.35215 1197.758 28.171005 -0.26839
HI N.HIMH 157.7948 1184.4925 81.546951 1196.3425 65.500801 -0.63015
HI N.KWTH 157.7982 1183.7566 95.798004 1194.2766 53.772335 0.10972
HI N.NRTH 157.807 1184.1251 54.225094 1193.8151 34.915722 -0.24806
HI N.TMOH 157.8547 1184.3415 142.78006 1197.2515 82.386574 -0.40658
HI N.SSSH 157.8647 1184.7372 99.844582 1195.1672 75.547508 -0.79002
HI N.UOZH 157.8817 1184.6735 73.284035 1196.1835 93.237473 -0.70572
HI N.SHKH 157.9116 1184.5945 87.089104 1196.1545 25.811853 -0.59037
HI N.HBAH 157.9151 1184.7507 72.312096 1196.3407 25.048792 -0.74223
HI N.TUMH 157.9295 1184.4649 133.0583 1195.5349 90.062973 -0.43914
HI N.EDSH 157.9301 1184.0852 72.842766 1194.7952 38.659832 -0.058552
HI N.ISSH 157.9566 1183.783 36.64019 1195.493 34.66449 0.2758
HI N.TBYH 157.9922 1183.787 77.251114 1196.307 42.521126 0.31502
HI N.HRNH 157.9998 1183.8439 49.896706 1195.1939 28.883434 0.26735
HI N.TGIH 158.002 1184.6513 89.024429 1194.6313 49.040882 -0.53746
HI N.KGRH 158.0526 1184.6512 41.406517 1198.5912 35.548885 -0.47583
HI N.TSKH 158.1128 1184.1239 50.736362 1195.8739 41.481564 0.12448
HI N.AMZH 158.1142 1183.8026 66.071037 1196.3926 43.924873 0.44757
HI N.NKNH 158.1181 1184.4215 80.328644 1196.0915 31.134077 -0.1665
HI N.IGWH 158.1353 1184.8411 92.210838 1196.5711 55.66888 -0.56521
HI N.MKGH 158.1378 1185.2546 65.777641 1198.6246 47.489929 -0.97568
HI N.OHRH 158.1406 1183.4885 77.360413 1196.1685 53.652893 0.79374
HI N.TYOH 158.1482 1184.6378 105.66763 1195.1178 101.95521 -0.34641
HI N.TAYH 158.1624 1183.8562 132.9597 1195.4862 108.53059 0.45248
HI N.MKOH 158.2667 1185.103 110.18517 1195.813 62.893318 -0.66765
HI N.YGDH 158.2672 1184.0045 115.61996 1195.8345 42.972446 0.43138
HI N.IWSH 158.2736 1184.8085 49.228542 1196.0585 36.616398 -0.36461
HI N.NZWH 158.2919 1184.7861 72.400093 1196.5961 35.33392 -0.32002
HI N.MOKH 158.2935 1184.3422 35.992748 1196.0322 20.38003 0.1258
HI N.AWNH 158.2994 1184.7503 110.47021 1196.6903 51.686729 -0.27516
HI N.YZWH 158.3033 1185.353 102.67233 1197.183 51.419159 -0.87318
HI N.UCUH 158.3163 1184.9832 117.29881 1196.0832 97.252243 -0.48763
HI N.TNEH 158.3236 1185.0452 92.14296 1196.9352 71.786636 -0.54068
HI N.UMYH 158.3763 1184.6151 120.53859 1196.7251 63.708755 -0.046477
HI N.JHKH 158.3962 1184.5149 63.578857 1196.5549 118.8779 0.077771
HI N.MAKH 158.4118 1185.4045 130.55045 1195.2045 91.49118 -0.79289
HI N.MN2H 158.4318 1185.0793 95.221909 1196.9093 32.798035 -0.4433
HI N.MOTH 158.4688 1183.8715 94.845657 1196.5515 118.48048 0.80945
HI N.IICH 158.4898 1184.8771 118.83676 1196.7671 66.973244 -0.17078
HI N.GZNH 158.4924 1184.9586 101.66267 1196.6086 63.36517 -0.24912
HI N.SUZH 158.4943 1185.2313 168.88301 1196.1213 46.512547 -0.51955
HI N.SZWH 158.5262 1185.3625 154.80841 1197.3725 107.58774 -0.61186
HI N.UJEH 158.5374 1184.9845 254.31717 1197.0345 238.27733 -0.22034
HI N.KYWH 158.5628 1185.3292 38.412666 1195.4192 30.775719 -0.53417
HI N.MUIH 158.5898 1185.2214 75.517097 1196.9814 40.380054 -0.39356
HI N.YMAH 158.5971 1183.8698 50.472828 1194.6198 69.662636 0.96692
HI N.KYEH 158.6183 1185.2581 117.50856 1195.3681 31.66679 -0.39553
HI N.KWNH 158.626 1185.7793 212.32628 1196.1793 116.32964 -0.90747
HI N.BTOH 158.6262 1184.7387 110.33307 1197.0287 69.652618 0.13335
HI N.HMTH 158.6604 1185.063 32.697418 1197.643 37.039261 -0.14938
HI N.JUOH 158.6858 1184.9893 114.97752 1197.5593 69.969658 -0.044816
HI N.OTWH 158.6997 1185.2244 229.75851 1197.5744 142.88103 -0.26299
HI N.FJ2H 158.7272 1185.3467 76.239944 1197.6967 33.297516 -0.3521
HI N.YNTH 158.7442 1185.2609 91.218483 1196.7009 21.623871 -0.2455
HI N.DGOH 158.7606 1185.0662 88.30545 1197.2162 66.097145 -0.030944
HI N.THGH 158.7902 1185.3798 102.52773 1196.6898 64.461479 -0.30849
HI N.INAH 158.8527 1185.7659 132.46632 1197.2359 48.653427 -0.61865
HI N.NGOH 158.9044 1184.85 237.8067 1196.9 93.915421 0.35999
HI N.TDMH 158.9515 1185.666 128.56793 1197.856 43.225391 -0.39875
HI N.IWWH 158.9809 1185.3967 141.17467 1198.0167 47.011009 -0.093771
HI N.SMGH 159.0293 1185.7084 90.531693 1197.6184 41.307602 -0.3472
HI N.STDH 159.079 1185.7127 123.01089 1198.7027 74.986412 -0.29481
HI N.NNMH 159.1503 1185.7553 127.18921 1197.3753 129.52165 -0.25628
HI N.KMKH 159.1535 1185.9971 86.604492 1197.7671 87.878281 -0.49438
HI N.KMOH 159.1667 1186.1894 109.57541 1199.1394 66.957344 -0.67175
HI N.ATDH 159.1958 1186.0764 121.90826 1197.3664 51.010674 -0.52558
HI N.MRMH 159.2362 1185.8176 62.175617 1197.6676 45.371273 -0.22082
HI N.KRYH 159.2746 1185.7287 92.837204 1197.5187 49.896683 -0.088088
HI N.TWAH 159.3006 1185.9581 100.03112 1195.4681 136.27016 -0.28794
HI N.TSTH 159.3252 1186.1367 88.642548 1197.4167 62.513809 -0.43851
HI N.MRUH 159.4329 1185.8579 72.902367 1196.3379 37.403683 -0.037121
HI N.NAZH 159.4527 1185.4092 78.992393 1196.2092 30.159599 0.43408
HI N.MKJH 159.4647 1184.6674 91.684715 1198.1374 49.365063 1.1895
HI N.ATKH 159.4774 1185.4252 106.88322 1199.1852 101.47556 0.44625
HI N.INWH 159.4796 1186.2759 66.425735 1199.2859 33.636723 -0.40199
HI N.FKSH 159.6464 1186.1081 58.421589 1198.3981 32.89864 -0.044167
HI N.YNZH 159.6719 1185.745 204.90205 1197.215 139.66624 0.34788
HI N.ARKH 159.7182 1186.6606 498.1261 1198.1006 360.2706 -0.51485
HI N.THTH 159.7786 1186.5163 106.12026 1198.8563 90.470291 -0.30179
HI N.NYOH 159.9014 1186.5697 83.139091 1199.9397 53.770214 -0.21543
HI N.KMYH 159.9208 1186.5379 92.543106 1200.0279 58.141315 -0.16153
HI N.SISH 159.9378 1186.2927 156.57698 1201.1127 97.581192 0.10303
HI N.YMMH 159.9525 1185.5762 741.25085 1198.2662 514.74237 0.83626
HI N.KWSH 160.1083 1186.9162 141.36699 1199.1662 103.28909 -0.32637
HI N.NKWH 160.1174 1187.1361 111.42609 1198.0861 83.651306 -0.53581
HI N.ASAH 160.1286 1186.9797 129.25114 1197.7497 44.897949 -0.36678
HI N.NKEH 160.1926 1186.8892 80.291893 1200.4592 56.706455 -0.20328
HI N.TCKH 160.3532 1186.4482 211.22192 1197.5682 151.05099 0.4206
HI N.TZWH 160.509 1186.1505 77.921013 1200.9005 111.68171 0.89309
HI N.FGTH 160.5289 1187.2636 230.46469 1200.1036 147.59482 -0.19816
HI N.MGMH 160.5821 1186.2577 151.31532 1197.0277 136.47528 0.86596
HI N.TAJH 160.61 1186.0765 191.47571 1198.4665 84.336143 1.0776
HI N.KAKH 160.6123 1186.994 74.674713 1198.434 30.591206 0.16238
HI N.YWTH 160.6711 1186.7779 426.16931 1199.5279 185.10011 0.44072
HI N.NRKH 160.7449 1187.5319 89.423935 1199.0819 40.376442 -0.23511
HI N.FSWH 160.943 1187.4817 101.42883 1198.7117 35.499302 0.024774
HI N.ICEH 160.9451 1187.7116 185.79234 1197.8716 70.549629 -0.20294
HI N.YUZH 161.003 1187.5926 106.20135 1197.9526 78.837723 -0.022531
HI N.HNRH 161.0558 1188.0546 145.50435 1202.1446 65.181396 -0.42879
HI N.KKWH 161.0708 1186.8061 76.438416 1200.6461 80.267723 0.83575
HI N.OMRH 161.1303 1187.7135 186.55283 1200.4335 43.806328 -0.0086298
HI N.RZTH 161.1463 1187.9535 105.97517 1200.3735 37.652161 -0.23178
HI N.KGSH 161.1617 1187.1206 275.32327 1200.2106 142.23015 0.61731
HI N.SMTH 161.2494 1187.83 105.11336 1202.2 64.377289 0.00077449
HI N.NSBH 161.295 1187.99 410.93994 1200.78 254.77629 -0.11085
HI N.HMSH 161.3072 1187.0301 120.81854 1199.7501 49.823647 0.86196
HI N.TOUH 161.3684 1187.8065 83.543427 1202.2265 59.073074 0.15029
HI N.NSEH 161.3831 1186.9951 13.567349 1199.7751 17.07464 0.97717
HI N.HMNH 161.3989 1187.2358 89.81707 1200.1858 80.882416 0.75334
HI N.KWAH 161.4449 1187.9656 102.8633 1202.0956 57.008945 0.07223
HI N.KMIH 161.4518 1187.9163 77.067726 1202.6563 97.338814 0.12871
HI N.NSSH 161.4698 1188.1663 156.00468 1201.7163 46.562218 -0.10218
HI N.OGAH 161.4967 1188.6468 228.211 1200.4868 114.82919 -0.55418
HI N.YHBH 161.5728 1188.3197 143.90207 1201.2497 65.693108 -0.14644
HI N.KASH 161.5906 1187.353 61.017372 1202.343 19.038494 0.83906
HI N.NSNH 161.6117 1188.2145 138.36853 1202.4745 98.542641 -0.00011905
HI N.YMDH 161.668 1187.9348 59.981232 1198.3048 56.704308 0.33916
HI N.ANIH 161.7157 1188.3579 96.649147 1199.8179 15.677842 -0.033517
HI N.KANH 161.7389 1188.3209 104.50849 1201.9709 21.113178 0.028108
HI N.TMYH 161.8491 1188.5517 88.647766 1200.2917 19.22179 -0.08613
HI N.KZNH 161.9072 1188.7835 84.274132 1202.1735 66.237343 -0.25637
HI N.ASRH 162.0201 1188.9098 86.786903 1203.0198 57.125847 -0.26856
HI N.IHEH 162.0342 1188.9219 83.543968 1202.6919 111.92173 -0.26658
HI N.ODTH 162.0605 1187.8512 66.802551 1202.1112 35.859833 0.83007
HI N.KHEH 162.1666 1187.612 70.280762 1204.312 23.676138 1.1741
HI N.TTKH 162.1832 1188.9491 79.841042 1203.2491 33.580444 -0.14657
HI N.NYAH 162.1962 1188.8674 84.810341 1205.2174 16.344772 -0.052092
HI N.OWNH 162.2224 1189.198 95.084724 1203.288 34.444122 -0.35681
HI N.NHEH 162.2227 1189.0303 126.36416 1201.8803 66.565567 -0.18871
HI N.KRMH 162.3163 1188.7279 75.694374 1200.3079 93.566818 0.20618
HI N.SHGH 162.3594 1189.295 315.64307 1203.055 168.10994 -0.31832
HI N.KRIH 162.3695 1189.2426 105.02229 1201.4226 104.42099 -0.25599
HI N.KJNH 162.3727 1187.6497 73.722885 1201.1297 50.663067 1.3401
HI N.NWAH 162.4171 1189.1494 147.06668 1202.5194 100.86254 -0.11571
HI N.TWWH 162.4399 1189.0786 105.31601 1202.8086 35.467121 -0.022287
HI N.SAIH 163.157 1189.7411 78.882751 1203.9811 54.244106 0.023768
HI N.OOMH 163.2859 1189.3723 205.64844 1205.1623 109.30023 0.51673
HI N.ASBH 163.5141 1190.0137 110.52658 1204.5437 41.677876 0.090701
HI N.MRRH 164.1184 1190.7484 187.62311 1206.7284 73.726555 -0.089504
HI N.SMMH 164.1767 1190.7064 318.30563 1206.6564 322.80917 0.0037287
HI N.TURH 164.2194 1189.7928 208.56262 1206.3528 141.17151 0.95477
HI N.MKRH 164.3748 1191.0259 214.01895 1205.6759 199.258 -0.1422
HI N.SAMH 164.4181 1192.2476 177.31586 1204.8576 145.94333 -1.3259
HI N.KMBH 164.4328 1191.0694 73.391472 1205.5294 25.936253 -0.13498
HI N.CCNH 164.5474 1190.9732 96.560127 1208.8832 80.893074 0.061741
HI N.MBEH 164.6884 1192.285 136.04388 1206.245 47.050934 -1.1264
HI N.NCPH 164.7471 1191.9681 111.4584 1206.7881 44.327785 -0.75812
HI N.CTSH 164.7477 1191.3259 779.09827 1206.7359 268.55597 -0.11541
HI N.BRWH 164.7541 1192.4189 176.9812 1206.6689 71.474854 -1.2028
HI N.OIWH 164.7891 1191.5777 197.5097 1206.1377 195.51122 -0.33095
HI N.BREH 164.8075 1191.2319 169.87718 1206.6119 86.426231 0.030877
HI N.TKIH 164.8107 1191.0874 152.14699 1207.0074 24.046555 0.17823
HI N.YUBH 164.9545 1190.907 78.723465 1206.557 95.834045 0.48468
HI N.SSTH 165.0532 1191.3892 774.42291 1207.8992 494.68881 0.089056
HI N.SHZH 165.0974 1190.7992 100.60397 1206.5592 35.574814 0.71775
HI N.MSAH 165.1371 1191.1292 121.92375 1208.8592 43.406452 0.42254
HI N.MMRH 165.1628 1191.7092 95.027321 1206.6892 59.158684 -0.13487
HI N.SMPH 165.1872 1190.9492 99.622543 1206.9992 50.718533 0.64637
HI N.TOBH 165.2021 1191.5192 520.87891 1206.2492 216.3232 0.089549
HI N.TYRH 165.2113 1191.2192 462.30765 1206.8192 164.97424 0.39748
HI N.SKSH 165.384 1191.6792 71.097473 1208.2592 41.924713 0.078719
HI N.FRNH 165.3974 1190.6492 79.231468 1207.7192 50.323753 1.1196
HI N.SUGH 165.3981 1191.3092 129.09291 1207.8892 86.142532 0.46019
HI N.NFRH 165.4646 1191.0792 54.429447 1208.4292 84.370155 0.74403
HI N.SNSH 165.4941 1190.8592 377.14343 1207.2792 457.46082 0.98795
HI N.HBTH 165.526 1191.9192 118.13209 1207.8392 21.159607 -0.046169
HI N.SKNH 165.5391 1192.3792 64.462326 1207.2592 41.958447 -0.49555
HI N.BEWH 165.5414 1191.9992 47.120518 1207.0192 47.483467 -0.11372
HI N.BEEH 165.5965 1191.4692 97.370651 1208.6392 55.509247 0.46096
HI N.FGSH 165.6139 1191.3992 305.78281 1206.7692 335.50604 0.54512
HI N.AYWH 165.6154 1191.4392 139.5329 1208.4292 67.204285 0.50634
HI N.SNNH 165.6345 1191.8292 115.3948 1208.8492 67.768791 0.13184
HI N.ANSH 165.6499 1191.0692 287.59265 1211.5792 204.08852 0.9043
HI N.NUMH 165.6848 1191.6992 276.08374 1209.0792 141.62494 0.30262
HI N.TRSH 165.7213 1192.0892 166.83432 1212.9892 184.63431 -0.057844
HI N.FGNH 165.7562 1192.2792 68.748024 1211.4092 56.979134 -0.21952
HI N.TRWH 165.8104 1192.2592 204.46158 1211.9192 132.12979 -0.15558
HI N.ORWH 165.8217 1191.7092 286.82556 1213.0392 149.48642 0.40358
HI N.TREH 165.8254 1191.9692 381.36993 1212.6192 35.579754 0.14651
HI N.AYEH 165.8431 1192.3892 203.67444 1212.0492 68.966896 -0.25909
HI N.RKBH 165.8665 1192.3392 129.38544 1209.5292 75.125229 -0.19005
HI N.SCSH 165.8808 1191.0292 232.06767 1207.5692 153.41682 1.1314
HI N.HOSH 165.9043 1191.2692 98.292557 1210.1092 61.467365 0.91047
HI N.WSMH 165.931 1191.7592 91.535263 1209.2992 56.359093 0.4422
HI N.OREH 165.9415 1191.4692 182.82971 1208.1992 147.65967 0.74075
HI N.ANNH 165.9416 1192.3992 159.3269 1207.6392 55.916637 -0.18913
HI N.KKAH 165.9656 1191.9292 77.323814 1207.1592 74.693298 0.30028
HI N.OKEH 165.9747 1191.4992 104.12441 1207.9592 74.518082 0.7376
HI N.HNKH 165.9777 1190.8892 126.46208 1209.4492 67.398972 1.35
HI N.HOCH 166.0143 1192.4792 93.624466 1212.3492 13.681184 -0.21017
HI N.SCNH 166.0293 1192.3892 193.56645 1210.0392 322.17355 -0.10809
HI N.STKH 166.0537 1192.4492 137.1234 1210.6192 110.52852 -0.14831
HI N.RBSH 166.0573 1192.7692 95.165367 1208.4492 56.735344 -0.46538
HI N.BKWH 166.0762 1191.6192 542.75568 1212.8892 150.97105 0.69988
HI N.BKEH 166.1587 1192.4392 1418.9897 1209.7292 616.47839 -0.053107
HI N.HONH 166.168 1192.7792 195.47362 1210.1792 290.66995 -0.38566
HI N.BHRH 166.2352 1192.6192 228.78986 1210.8892 196.24944 -0.17122
HI N.NSTH 166.2672 1192.9592 379.56409 1210.6092 174.17938 -0.48522
HI N.SWWH 166.3236 1192.2092 156.60973 1210.0892 127.28249 0.31044
HI N.TUNH 166.3649 1193.0392 86.56321 1211.5492 77.794098 -0.48599
HI N.BFWH 166.3769 1193.0092 96.762009 1209.9192 21.88748 -0.44623
HI N.EBTH 166.3775 1191.4292 1615.0173 1210.2392 511.53976 1.1341
HI N.STSH 166.3855 1192.3192 160.80511 1208.0692 121.41916 0.25049
HI N.NYRH 166.3863 1193.0092 250.35791 1210.5992 230.71233 -0.4389
HI N.SWEH 166.3903 1192.5692 75.53978 1211.8392 30.232876 0.0041486
HI N.MMBH 166.416 1191.9092 101.79336 1211.2592 75.200706 0.6838
HI N.KMZH 166.4303 1191.8592 162.69188 1211.6892 180.31522 0.74479
HI N.NAWH 166.4761 1192.5592 211.5117 1208.6792 112.09868 0.0797
HI N.BFNH 166.4982 1192.8892 129.83661 1213.5592 142.26418 -0.23345
HI N.SRMH 166.5062 1192.8792 88.208237 1053.1992 -0.46237287 -0.21735
HI N.BFEH 166.5404 1192.7992 128.7131 1209.0092 84.79084 -0.11135
HI N.YBNH 166.5404 1192.4792 1023.3082 1212.9392 322.75085 0.20877
HI N.OPWH 166.5614 1192.6792 138.3138 1212.2492 71.17688 0.024764
HI N.SYSH 166.5834 1192.8892 502.27594 1211.2492 382.57034 -0.16851
HI N.OPEH 166.5884 1192.2392 186.81151 1211.8892 222.86943 0.48539
HI N.OUMH 166.6017 1192.5392 122.64501 1208.1692 65.368568 0.19553
HI N.ONPH 166.6413 1192.9492 131.67108 1208.6292 116.44171 -0.18432
HI N.TSOH 166.6423 1193.8892 907.77838 1211.6892 149.15086 -1.1235
HI N.UNSH 166.7232 1192.8292 214.46703 1209.6292 161.83231 -0.0018231
HI N.SYNH 166.7579 1191.8892 184.14531 1208.5192 53.332809 0.96467
HI N.NTBH 166.7785 1192.9492 181.46185 1208.5792 109.47369 -0.079587
HI N.TYTH 166.7787 1194.4992 284.90063 1212.3792 276.52402 -1.6295
HI N.UNNH 166.7888 1193.1792 331.91437 1207.4192 150.78502 -0.30177
HI N.HNBH 166.801 1194.2792 351.15149 1216.7492 158.0712 -1.3925
HI N.WNWH 166.8613 1192.2692 666.0885 1211.8692 586.91327 0.66352
HI N.WNEH 166.9244 1193.0392 644.9881 1209.7392 404.09714 -0.058259
HI N.HTBH 166.9885 1192.9692 206.90707 1212.4792 60.531399 0.059593
HI N.SFSH 167.0257 1193.4292 1111.251 1209.6992 1018.1859 -0.37319
HI N.SFNH 167.0954 1192.6292 395.56769 1210.6492 141.0695 0.47784
HI N.WNNH 167.1528 1193.4892 749.90057 1213.2992 224.26274 -0.34017
