HI N.SATH 150.999 1174.0108 353.66455 1180.3008 1565.6558 -0.76507
HI N.CRNH 151.1602 1174.2908 600.50696 1180.7508 3112.1931 -0.79786
HI N.UCNH 151.2902 1174.3708 323.27972 1180.7808 1375.1418 -0.67853
HI N.KYAH 151.3358 1174.5408 597.87128 1181.0508 2257.397 -0.77845
HI N.AIRH 151.5328 1174.8708 459.785 1181.6108 1828.2574 -0.80893
HI N.OSUH 151.5329 1174.8407 414.86502 1181.5407 2062.0344 -0.77859
HI N.SENH 151.551 1174.9107 413.78558 1181.7407 2571.5317 -0.82151
HI N.KDIH 151.6299 1175.0307 349.32678 1181.9907 2510.9421 -0.82285
HI N.AKNH 151.6355 1175.0207 443.19376 1181.9607 1942.2559 -0.80441
HI N.NCNH 151.6616 1175.0607 587.11426 1181.8107 2514.2795 -0.80523
HI N.MYJH 151.711 1175.1008 330.51923 1182.0308 1714.6256 -0.77088
HI N.MJSH 151.7147 1175.1708 430.90482 1182.0308 2158.6562 -0.8353
HI N.NSMH 151.7474 1175.1508 391.01627 1182.1708 2584.8438 -0.76614
HI N.MJNH 151.788 1175.2607 253.68195 1182.2107 1488.1694 -0.81505
HI N.MMTH 151.8519 1175.4308 756.90881 1182.5608 4591.624 -0.88902
HI N.SNWH 151.9135 1175.4108 343.40268 1182.5008 2433.5051 -0.77628
HI N.SUKH 151.9905 1175.5308 321.02985 1182.5908 1614.9443 -0.78065
HI N.HYOH 152.02 1175.6308 367.18436 1182.8508 2050.5464 -0.83719
HI N.ASKH 152.0393 1175.6108 223.38036 1182.8708 1092.7128 -0.78881
HI N.KTMH 152.0537 1175.6508 389.29279 1182.6808 1841.8126 -0.80767
HI N.UWEH 152.0968 1175.6908 296.22803 1181.7808 1407.5958 -0.78402
HI N.SDWH 152.1171 1175.6907 735.8465 1182.7507 1733.6593 -0.75407
HI N.NGSH 152.1375 1175.7607 355.65759 1183.1207 2248.4661 -0.79406
HI N.NRAH 152.1797 1175.8308 201.20236 1183.0508 1159.2439 -0.80196
HI N.KWMH 152.313 1176.0308 371.70624 1183.2508 1772.4344 -0.80554
HI N.MSMH 152.3298 1175.9608 350.49521 1183.4208 1424.512 -0.71083
HI N.IZMH 152.3373 1176.0108 164.79713 1183.3108 721.56128 -0.74971
HI N.NANH 152.3395 1176.0508 188.72997 1183.4208 1333.9872 -0.78641
HI N.KKIH 152.342 1176.0308 318.60034 1183.4908 1305.1055 -0.76273
HI N.SBAH 152.3967 1175.2508 107.75993 1182.6408 792.69983 0.097811
HI N.TYNH 152.4112 1176.0608 239.21562 1183.5008 1196.7626 -0.69093
HI N.TGOH 152.4227 1176.2208 513.47992 1183.5908 2061.9995 -0.83391
HI N.HRDH 152.4281 1176.1608 315.6012 1183.5608 711.38556 -0.76588
HI N.TKKH 152.4302 1176.1408 197.87274 1183.6708 995.92352 -0.74288
HI N.HYGH 152.4715 1176.2408 248.26105 1183.6008 1223.1584 -0.78203
HI N.SBSH 152.4962 1176.3207 479.45221 1183.8807 2212.1921 -0.8255
HI N.MRTH 152.5184 1176.1307 115.73318 1183.5407 722.35974 -0.60277
HI N.YABH 152.5251 1176.3408 298.74429 1183.8508 1654.7396 -0.80298
HI N.SBNH 152.5558 1176.3708 513.63385 1183.9408 1705.6852 -0.78783
HI N.MSIH 152.5816 1176.4108 241.32037 1183.9508 1394.1172 -0.78967
HI N.GKSH 152.6012 1176.3108 177.61685 1183.7608 680.16376 -0.66093
HI N.NOBH 152.6365 1176.5208 436.91034 1183.9908 1366.5563 -0.81877
HI N.IMRH 152.6471 1176.4908 390.94473 1184.1108 2037.5502 -0.77324
HI N.TMNH 152.6564 1176.4408 232.40849 1183.9708 923.60919 -0.70956
HI N.SRIH 152.6572 1176.4807 390.56274 1184.1107 1836.5991 -0.7483
HI N.HKSH 152.6978 1176.4607 246.28566 1183.9607 1323.8147 -0.66851
HI N.KKCH 152.7662 1176.5108 160.65657 1184.0508 950.96545 -0.61773
HI N.ASVH 152.7939 1176.6708 244.57907 1183.9808 682.22632 -0.73696
HI N.KIGH 152.8048 1176.7508 538.84674 1184.3608 1563.6317 -0.80081
HI N.KHKH 152.815 1176.6407 257.59763 1184.2407 1257.048 -0.6759
HI N.CZEH 152.865 1176.7707 214.91989 1184.5307 701.29852 -0.73217
HI N.NMNH 152.8708 1176.8708 425.53894 1184.4508 1379.4773 -0.82365
HI N.UMWH 152.8803 1176.8408 225.60637 1184.4908 621.86133 -0.77961
HI N.FJIH 152.9097 1176.8508 217.18062 1184.6508 1264.2059 -0.74645
HI N.HSFH 152.9351 1176.9107 216.26443 1184.6007 817.3443 -0.76875
HI N.UMEH 152.94 1176.9408 522.99255 1184.7608 1766.5887 -0.79162
HI N.TAKH 152.9509 1176.9508 445.85742 1184.6708 1131.799 -0.78566
HI N.OGNH 152.9627 1176.9708 459.54282 1184.7008 954.91986 -0.78819
HI N.UKHH 153.0215 1177.0807 752.80688 1184.8607 1629.9476 -0.81194
HI N.TARH 153.024 1177.0207 462.53699 1184.7307 1100.5013 -0.74827
HI N.MIEH 153.0324 1177.0708 200.97191 1184.8908 829.76471 -0.78629
HI N.SNIH 153.0744 1177.1408 346.74173 1185.0208 1338.645 -0.79556
HI N.SIKH 153.0797 1177.1907 458.97 1185.1907 3020.1863 -0.83795
HI N.KKEH 153.163 1177.2008 329.7572 1185.2108 1750.0966 -0.72788
HI N.UMIH 153.1638 1177.1808 289.79208 1185.0008 564.5033 -0.70665
HI N.NTHH 153.1648 1177.2808 348.91498 1185.2708 2087.7205 -0.80533
HI N.KIWH 153.1832 1177.2507 574.88336 1185.1707 2095.7014 -0.74867
HI N.YGNH 153.2115 1177.2908 285.16266 1185.3108 1751.1212 -0.74807
HI N.KAHH 153.2286 1177.3408 509.00391 1185.3608 1423.4027 -0.77325
HI N.SGWH 153.2856 1177.4507 323.96869 1185.5207 1470.0109 -0.80108
HI N.OOTH 153.2945 1177.4508 259.84036 1185.3408 541.49872 -0.7884
HI N.WKMH 153.3019 1177.3708 311.03873 1185.3208 624.14124 -0.69769
HI N.TSSH 153.3291 1177.5108 339.93469 1185.5208 819.90808 -0.7985
HI N.YMGH 153.4034 1177.4508 249.18542 1185.7408 1492.7668 -0.63142
HI N.BZNH 153.4105 1177.4308 239.51817 1185.6308 988.58881 -0.6011
HI N.GENH 153.4185 1177.5607 291.27692 1185.6707 953.18256 -0.71955
HI N.TSMH 153.4367 1177.6707 404.10345 1185.7707 1042.4562 -0.80318
HI N.MISH 153.5683 1177.8008 244.8201 1185.9908 495.64911 -0.74584
HI N.NAKH 153.5919 1177.8708 402.09909 1186.0008 1041.4998 -0.78253
HI N.KKYH 153.6138 1177.8208 284.92307 1186.0308 853.05573 -0.70163
HI N.IKTH 153.7266 1178.0707 329.05728 1186.2907 885.92102 -0.79229
HI N.UWAH 153.756 1178.1508 528.03992 1186.4408 1120.4863 -0.83095
HI N.HIYH 153.7745 1178.1408 447.89368 1186.3908 1042.2957 -0.79481
HI N.TSYH 153.78 1178.1107 329.85452 1186.3507 915.52301 -0.75696
HI N.TYUH 153.8185 1178.1608 31.521448 1186.5708 49.647076 -0.75274
HI N.UBEH 153.8266 1177.9208 286.98755 1186.3808 436.66867 -0.50128
HI N.KIKH 153.8451 1178.2408 429.11365 1186.6608 765.27002 -0.79511
HI N.MNEH 153.8765 1178.2708 223.37383 1186.7208 570.47467 -0.78091
HI N.KWBH 153.909 1178.3708 9.6515903 1186.7508 17.810705 -0.83501
HI N.OOZH 153.9286 1178.3808 489.9292 1186.8008 944.90393 -0.81732
HI N.KNSH 153.9734 1178.3708 243.58359 1186.7708 304.97833 -0.74413
HI N.HOFH 153.9766 1178.4108 118.22472 1187.2508 95.901505 -0.77971
HI N.SSKH 153.9944 1178.4208 340.57562 1186.7708 918.15271 -0.76445
HI N.TKUH 154.0004 1177.2107 245.58594 1185.7307 353.93173 0.45408
HI N.YNDH 154.0302 1178.5107 410.93695 1186.9707 1034.0557 -0.80393
HI N.MTOH 154.052 1178.4608 249.72067 1186.9908 501.13818 -0.72316
HI N.TBEH 154.1176 1178.6508 430.27863 1187.2108 899.08368 -0.82058
HI N.SYTH 154.1391 1178.6608 297.17328 1187.1408 504.45309 -0.80017
HI N.TKJH 154.165 1178.6708 239.34764 1187.2208 201.88921 -0.77366
HI N.INOH 154.1731 1178.7008 408.80881 1187.2808 1083.6519 -0.79227
HI N.TOHH 154.1738 1178.6908 458.62936 1187.2408 868.3847 -0.78123
HI N.IKKH 154.1779 1178.6808 337.4025 1187.2708 881.39093 -0.76551
HI N.MURH 154.19 1178.7108 427.48239 1187.2008 828.74176 -0.7784
HI N.HGIH 154.2192 1178.4907 246.75685 1187.0207 243.25101 -0.5171
HI N.MKWH 154.2673 1178.8308 322.55658 1187.3608 465.6904 -0.78925
HI N.GSIH 154.2995 1178.8608 248.37262 1187.4608 746.9292 -0.77379
HI N.IKNH 154.3076 1178.9308 484.80954 1187.5108 786.26642 -0.83244
HI N.GHKH 154.3084 1178.8508 350.61514 1187.4908 728.86334 -0.7512
HI N.KRHH 154.3782 1179.0208 523.30359 1187.7108 853.30554 -0.82277
HI N.TBRH 154.3822 1179.0107 475.203 1187.7807 858.56348 -0.80711
HI N.SJOH 154.3893 1179.0108 448.39597 1187.7508 971.60266 -0.79708
HI N.MICH 154.4029 1179.0508 260.12335 1187.6608 340.67368 -0.81788
HI N.KTGH 154.4109 1179.0108 322.36792 1187.6708 985.64551 -0.76649
HI N.MTYH 154.4228 1179.0507 343.10165 1187.8007 859.64093 -0.78962
HI N.OKMH 154.4264 1179.0908 406.91919 1187.7808 817.03259 -0.82465
HI N.KHUH 154.4341 1179.0608 458.90433 1187.7808 963.23517 -0.7839
HI N.SKIH 154.5036 1179.1808 286.83261 1187.9208 535.12775 -0.80848
HI N.KURH 154.5816 1179.2807 257.49271 1188.1907 455.15228 -0.8016
HI N.KNNH 154.5861 1179.2808 386.49948 1187.9508 793.94354 -0.79554
HI N.SINH 154.5946 1179.2808 370.55341 1188.1308 671.16284 -0.78383
HI N.HISH 154.6034 1179.2708 310.57816 1188.0808 635.29437 -0.76179
HI N.HIKH 154.6096 1179.3207 286.57889 1188.0007 673.8808 -0.80329
HI N.MYKH 154.6416 1179.3507 389.59073 1188.2307 840.44897 -0.78934
HI N.TGUH 154.6892 1179.3807 452.09729 1188.0907 507.84329 -0.75416
HI N.KYDH 154.7214 1179.4708 232.81126 1188.2908 413.1683 -0.80002
HI N.MITH 154.7284 1179.5007 584.20764 1188.4307 648.93744 -0.82031
HI N.HWSH 154.7492 1179.4807 294.55582 1188.2707 629.46124 -0.77187
HI N.IKWH 154.7537 1179.5008 396.91022 1188.4108 835.3277 -0.78573
HI N.HRSH 154.7689 1179.5007 250.83369 1188.4407 352.86911 -0.76489
HI N.HHIH 154.7875 1179.5608 347.43881 1188.5208 660.63165 -0.79947
HI N.MIHH 154.7938 1179.5908 279.64761 1188.5608 568.34155 -0.82075
HI N.SADH 154.8308 1179.6008 293.41174 1188.4008 394.81436 -0.78007
HI N.MNOH 154.8716 1179.6408 315.75168 1188.7008 682.53564 -0.76421
HI N.SSMH 154.8798 1179.6808 265.45062 1188.5308 536.97083 -0.79295
HI N.GEIH 154.8997 1179.6808 357.99463 1188.6108 366.37625 -0.76573
HI N.NMKH 154.912 1179.6808 291.03864 1188.6708 329.38263 -0.74881
HI N.DWAH 154.9247 1179.7208 327.21033 1188.6608 298.71231 -0.77147
HI N.YSHH 154.9285 1179.7407 427.2901 1188.7807 608.21283 -0.78602
HI N.TOKH 154.9577 1179.7807 339.71021 1188.6107 525.77417 -0.78612
HI N.MIGH 154.9645 1179.8008 316.9483 1188.8308 354.12271 -0.79691
HI N.KTDH 154.9705 1179.7807 423.72357 1188.7607 762.21637 -0.76852
HI N.AYKH 154.9721 1179.7808 269.96613 1188.8008 506.10349 -0.76641
HI N.OTOH 155.0239 1179.8508 265.68869 1188.7608 417.36993 -0.76543
HI N.NKTH 155.0246 1179.8708 269.20276 1188.8908 438.5975 -0.78434
HI N.INMH 155.0257 1179.8708 359.43237 1188.9108 638.69373 -0.78306
HI N.IWAH 155.0338 1179.9208 328.61929 1189.0008 266.91714 -0.82191
HI N.KSAH 155.0644 1179.8908 227.31004 1188.9808 282.54376 -0.74994
HI N.MKIH 155.0859 1179.9508 508.49057 1189.0408 537.00525 -0.78054
HI N.KNBH 155.097 1179.9908 464.04764 1189.1208 524.32159 -0.80527
HI N.OHCH 155.0982 1179.9807 649.0094 1189.0607 752.94623 -0.79359
HI N.HSMH 155.1036 1180.0208 287.35196 1189.1008 154.46704 -0.82607
HI N.GOTH 155.1072 1180.0107 478.27209 1189.1107 310.06952 -0.81114
HI N.HRKH 155.1676 1180.0507 321.80167 1189.1407 607.26215 -0.76838
HI N.KHOH 155.2117 1180.1207 314.79269 1189.2407 335.44263 -0.77796
HI N.TAMH 155.2146 1180.1508 405.41296 1189.3808 720.6911 -0.80398
HI N.KTWH 155.2409 1180.1807 456.78226 1189.2407 357.70508 -0.79792
HI N.BSEH 155.243 1180.1708 379.15518 1189.3508 550.74561 -0.78502
HI N.JNSH 155.2494 1180.2107 459.59598 1189.3107 280.70612 -0.81619
HI N.MABH 155.268 1180.2207 380.03201 1189.4307 588.02252 -0.80082
HI N.TKWH 155.2921 1180.1907 300.94363 1189.4107 441.50479 -0.73787
HI N.UUMH 155.3155 1180.2708 498.03329 1189.6008 641.41321 -0.78567
HI N.MHRH 155.3211 1180.2608 724.7926 1189.6408 929.10132 -0.76828
HI N.NKMH 155.3424 1180.2607 333.9491 1189.5207 419.50842 -0.73999
HI N.TKEH 155.359 1180.3108 377.77893 1189.5208 298.77161 -0.76796
HI N.WKYH 155.4046 1180.3808 527.24274 1189.7808 555.96301 -0.77743
HI N.TTAH 155.4123 1180.4308 39.490993 1189.7608 27.446194 -0.81711
HI N.HNZH 155.4148 1180.3508 260.02362 1189.7008 369.5788 -0.73388
HI N.OKYH 155.4261 1180.4207 357.02469 1189.7907 281.99347 -0.78877
HI N.YSDH 155.4448 1180.4608 274.32999 1189.7508 169.13078 -0.80402
HI N.SDAH 155.4511 1180.4907 293.42639 1189.8307 355.74783 -0.82557
HI N.SETH 155.4967 1180.4808 251.42928 1189.9608 253.06407 -0.75523
HI N.SGOH 155.5065 1180.5708 503.62335 1190.0008 474.36658 -0.83218
HI N.HKBH 155.5108 1180.5108 381.07901 1189.8908 262.39896 -0.7664
HI N.TKBH 155.5297 1180.5608 349.21295 1190.0608 360.22369 -0.79138
HI N.OWSH 155.5419 1180.5607 485.99377 1189.9507 209.75558 -0.77508
HI N.HNSH 155.5459 1180.5708 358.34271 1190.1108 481.20285 -0.77975
HI N.NAGH 155.558 1180.5208 258.73618 1190.0508 456.55466 -0.71365
HI N.NITH 155.5811 1180.6508 667.61371 1190.1308 449.12344 -0.81314
HI N.HCJH 155.6055 1180.6407 1304.4114 1189.8507 753.58459 -0.77062
HI N.KACH 155.6205 1180.7008 595.70367 1190.2208 504.32709 -0.81082
HI N.HIRH 155.6599 1180.7608 474.2879 1190.5208 523.92358 -0.81842
HI N.KRTH 155.6645 1180.6908 306.71909 1190.1208 255.84787 -0.74242
HI N.AIOH 155.6741 1180.7107 348.76178 1190.3307 350.21777 -0.74967
HI N.HINH 155.6965 1180.7708 539.78827 1190.3808 507.6084 -0.77979
HI N.KAWH 155.703 1180.7108 272.76929 1190.2108 277.91467 -0.71132
HI N.HKTH 155.7088 1180.8108 531.06213 1190.4108 496.37125 -0.80362
HI N.KMGH 155.7199 1180.7208 283.17212 1190.3508 380.97275 -0.69886
HI N.YBRH 155.7513 1180.8707 441.19717 1190.5007 361.62491 -0.80714
HI N.KKGH 155.8041 1180.9107 208.96291 1190.5407 325.53012 -0.77706
HI N.SYOH 155.8057 1180.9107 304.9183 1190.6207 230.18716 -0.77486
HI N.TISH 155.8114 1180.8608 387.92615 1190.3908 207.98062 -0.71752
HI N.SGUH 155.8208 1180.9207 307.65234 1190.7007 440.02017 -0.76485
HI N.KSIH 155.8271 1181.0107 614.02582 1190.8607 805.35706 -0.84643
HI N.HYSH 155.8329 1180.8807 341.65945 1190.6007 244.98982 -0.70886
HI N.MZKH 155.8437 1180.9608 329.59784 1190.7008 342.39859 -0.77453
HI N.KNHH 155.8523 1180.9708 27.636532 1190.6008 30.023283 -0.77302
HI N.MGWH 155.8637 1180.9108 499.5477 1190.6708 556.05536 -0.6979
HI N.OHAH 155.8989 1181.0107 261.017 1190.8407 257.37866 -0.7511
HI N.NKOH 155.9044 1181.0607 333.16803 1190.8907 405.72894 -0.79375
HI N.SMAH 155.9146 1181.0307 466.51767 1190.8407 414.27475 -0.75023
HI N.TRIH 155.9269 1181.0408 564.14417 1190.7008 277.98874 -0.74407
HI N.KSBH 155.93 1181.1208 458.90051 1190.9908 329.19266 -0.81998
HI N.WATH 155.9368 1181.0308 381.72778 1190.8708 356.46515 -0.72085
HI N.SKGH 155.9425 1181.1508 496.66153 1191.0408 467.00967 -0.83325
HI N.OSKH 155.9427 1181.0508 104.97417 1190.8408 74.047279 -0.73301
HI N.YMSH 155.9554 1181.0908 252.36 1190.8308 255.35852 -0.75617
HI N.MHSH 155.9579 1181.1408 976.23706 1191.0508 846.51599 -0.80289
HI N.TJOH 155.9788 1181.1408 173.79005 1190.8108 142.72102 -0.77522
HI N.CHZH 156.01 1181.2008 410.62155 1191.1508 225.5831 -0.7938
HI N.YZEH 156.0409 1181.1907 276.79117 1190.8707 197.98433 -0.74275
HI N.KTNH 156.0449 1181.2008 476.38791 1191.1208 241.04305 -0.74744
HI N.URSH 156.0512 1181.2308 6.419982 1191.1408 3.8645351 -0.76913
HI N.HAGH 156.0766 1181.3107 440.2272 1191.1907 244.00322 -0.81524
HI N.MASH 156.0876 1181.2407 365.83185 1191.1707 351.06387 -0.73073
HI N.KAMH 156.0957 1181.3007 315.69055 1192.1307 148.80423 -0.77999
HI N.KWHH 156.1252 1181.3607 441.98386 1191.3607 386.24869 -0.80081
HI N.KMMH 156.1824 1181.3808 271.47067 1191.3208 164.5921 -0.74478
HI N.SSYH 156.1918 1181.4408 504.23508 1191.5608 380.26108 -0.79249
HI N.OYMH 156.2281 1181.4608 252.67313 1191.4108 305.21109 -0.7643
HI N.SGRH 156.2304 1181.4508 232.18918 1191.5008 252.42552 -0.75124
HI N.KMEH 156.2356 1181.5008 572.46808 1191.5708 404.5751 -0.79422
HI N.SNTH 156.2716 1181.5708 390.30466 1191.7208 214.1881 -0.81652
HI N.KYTH 156.2797 1181.5408 384.8078 1191.6208 195.73912 -0.77565
HI N.ATMH 156.3164 1181.5708 240.94565 1191.7208 333.17334 -0.75706
HI N.MROH 156.3284 1181.6508 523.11774 1191.9108 456.93582 -0.82161
HI N.IAMH 156.336 1181.6408 474.34622 1191.9308 515.54767 -0.80177
HI N.FKCH 156.3651 1181.6908 505.64706 1191.8908 408.0123 -0.81434
HI N.ABNH 156.3874 1181.6407 269.90085 1191.8907 466.8392 -0.73557
HI N.HNOH 156.4039 1181.6708 345.42584 1191.8908 495.81644 -0.74432
HI N.IZSH 156.4068 1181.7508 553.8653 1192.0208 463.29703 -0.82062
HI N.MYMH 156.4603 1181.7907 316.50912 1192.1107 411.55338 -0.79182
HI N.YOKH 156.4835 1181.7907 684.06445 1194.2107 583.46466 -0.76192
HI N.KSMH 156.4863 1181.8208 514.93542 1192.2508 362.8075 -0.78831
HI N.HAZH 156.496 1181.7507 222.7738 1192.0107 325.47495 -0.70582
HI N.OTUH 156.5428 1181.9008 202.30161 1192.1708 256.52765 -0.79567
HI N.NDGH 156.555 1181.9407 531.80127 1192.3307 439.01294 -0.81987
HI N.HMMH 156.5681 1181.9308 254.15012 1193.2308 296.65649 -0.79311
HI N.THNH 156.5904 1181.9308 253.02785 1192.3508 282.50873 -0.76442
HI N.ANJH 156.6152 1181.9707 151.99449 1192.3707 147.01039 -0.77249
HI N.MKBH 156.6294 1181.9408 193.2715 1192.3908 248.07307 -0.72424
HI N.TKHH 156.6422 1182.0708 382.82864 1192.7008 491.12747 -0.83774
HI N.AMNH 156.6657 1182.1008 607.09772 1192.7508 726.97485 -0.8375
HI N.NUKH 156.6744 1181.9807 236.48883 1192.5407 244.57309 -0.70632
HI N.TAGH 156.6881 1182.0608 332.04993 1192.5008 284.4892 -0.7687
HI N.OBMH 156.69 1182.1008 331.91928 1192.7208 279.94336 -0.80622
HI N.OKZH 156.6979 1182.0208 327.93701 1192.5008 332.96652 -0.71614
HI N.INSH 156.7001 1182.0307 198.72145 1192.4107 131.25723 -0.72324
HI N.SSRH 156.7092 1182.0808 313.69147 1192.5408 264.89667 -0.76145
HI N.FKRH 156.7316 1182.1607 303.33578 1190.5907 157.60924 -0.81273
HI N.TDEH 156.7372 1182.1007 357.0304 1192.5707 246.39931 -0.74551
HI N.KIDH 156.7758 1182.1407 359.14694 1192.6107 284.57431 -0.73582
HI N.MRIH 156.8038 1182.2508 233.04807 1192.7008 185.79132 -0.80986
HI N.KYSH 156.8192 1182.1807 208.10406 1192.5307 150.4716 -0.72005
HI N.HMAH 156.8282 1182.2207 84.172752 1192.6507 77.437225 -0.74833
HI N.MIKH 156.8288 1182.2808 290.20544 1192.9708 249.27719 -0.80765
HI N.TNRH 156.8345 1182.2508 276.63181 1193.8708 215.95708 -0.77037
HI N.NGKH 156.847 1182.2508 461.47217 1192.7608 417.81604 -0.75423
HI N.MIZH 156.8729 1182.3208 519.22626 1192.7108 301.88153 -0.79101
HI N.KSGH 156.8772 1182.3108 528.87115 1192.8908 340.54709 -0.77554
HI N.ASUH 156.8905 1182.2508 330.30353 1192.7008 204.44414 -0.69828
HI N.TATH 156.8983 1182.3108 269.41165 1192.7908 150.42522 -0.74815
HI N.TT2H 156.9142 1182.3608 213.50356 1192.9108 144.86571 -0.7778
HI N.KNEH 156.9162 1182.4108 429.55017 1191.6408 217.02507 -0.82522
HI N.FJEH 156.9267 1182.3708 268.42966 1191.3108 200.92137 -0.77167
HI N.TOEH 156.9481 1182.4107 361.526 1193.0007 191.35043 -0.78416
HI N.TRGH 156.9538 1182.4008 389.19095 1192.9408 249.08716 -0.76678
HI N.SMDH 156.9609 1182.4607 501.62857 1192.8607 391.41006 -0.81766
HI N.STRH 156.9626 1182.3507 377.4147 1192.9607 219.33376 -0.70546
HI N.KGIH 156.9629 1182.3807 365.44031 1192.9807 104.68507 -0.73509
HI N.NS2H 156.9735 1182.4408 644.53998 1192.6908 157.44893 -0.78146
HI N.ASHH 156.9851 1182.4108 389.42938 1193.0708 347.36639 -0.73661
HI N.KMHH 157.0071 1182.4508 527.87683 1193.1708 242.82028 -0.74824
HI N.KWZH 157.0111 1182.5107 411.36441 1192.8107 147.41763 -0.8031
HI N.KSHH 157.0242 1182.4507 433.89258 1193.1307 238.41394 -0.72625
HI N.TNMH 157.0277 1182.4808 604.45276 1193.1908 321.72281 -0.75182
HI N.SKUH 157.0416 1182.5107 480.85294 1193.1707 155.04379 -0.76452
HI N.TYEH 157.0457 1182.5108 313.83047 1193.1008 229.55598 -0.75941
HI N.SOSH 157.063 1182.5808 248.29207 1191.4808 119.07095 -0.80806
HI N.SMSH 157.063 1182.5208 322.86615 1193.5908 166.81068 -0.74794
HI N.TKTH 157.067 1182.5308 432.32837 1193.3308 255.37384 -0.75306
HI N.HKWH 157.0796 1182.6008 380.47125 1193.2308 141.97668 -0.80743
HI N.MKMH 157.0833 1182.5607 610.21246 1193.2607 327.01819 -0.76287
HI N.MSKH 157.1187 1182.6207 532.77094 1193.3307 249.75334 -0.7788
HI N.NEOH 157.1306 1182.6307 389.59052 1193.6007 177.5829 -0.77418
HI N.HRYH 157.1338 1182.6208 353.44312 1193.5608 112.74336 -0.76019
HI N.MS2H 157.1371 1182.6408 459.59457 1193.4908 236.30457 -0.7762
HI N.HD2H 157.1409 1182.6607 473.61505 1193.3207 218.43404 -0.79136
HI N.JIZH 157.143 1182.6108 523.98883 1193.2808 334.23157 -0.73887
HI N.SUMH 157.1475 1182.6608 283.6813 1193.2408 248.20587 -0.78339
HI N.SIZH 157.1499 1182.7008 361.14371 1193.4008 108.55215 -0.82028
HI N.SZJH 157.1778 1182.7308 734.3656 1193.4008 561.7229 -0.81573
HI N.YOTH 157.1872 1182.6807 502.95004 1193.6307 258.28445 -0.75399
HI N.SZUH 157.1916 1182.7708 482.56699 1193.4408 118.40319 -0.83865
HI N.ITHH 157.196 1182.7208 598.23956 1193.5608 377.6442 -0.78303
HI N.MSNH 157.21 1182.7508 620.97589 1193.5508 259.96985 -0.79568
HI N.ITOH 157.2149 1182.7707 596.05591 1193.5007 281.46255 -0.80967
HI N.NTGH 157.2261 1182.7408 457.75391 1193.7708 248.1935 -0.76579
HI N.ITDH 157.2673 1182.7608 274.74124 1193.8508 261.46143 -0.7347
HI N.MNMH 157.2686 1182.7808 578.36633 1193.8908 411.31702 -0.75312
HI N.NRYH 157.2729 1182.8808 472.16351 1193.8108 276.71689 -0.84772
HI N.HTNH 157.2933 1182.8408 273.90787 1193.7708 146.35916 -0.78242
HI N.SONH 157.2943 1182.8508 367.73074 1193.6008 193.71945 -0.7912
HI N.KNIH 157.2987 1182.8807 564.77374 1193.7707 377.04108 -0.81579
HI N.HT2H 157.3076 1182.8808 658.38251 1193.8008 396.48764 -0.80472
HI N.KAYH 157.3136 1182.8108 538.86102 1193.8908 335.41077 -0.7273
HI N.AC2H 157.323 1182.8807 285.25998 1193.8807 236.7794 -0.78563
HI N.NMZH 157.334 1182.9508 429.50137 1193.8708 380.09183 -0.842
HI N.HSKH 157.3514 1182.8908 337.43436 1193.9108 292.49323 -0.76055
HI N.IIDH 157.3731 1182.9408 473.77377 1193.9608 335.89948 -0.78358
HI N.TY2H 157.3879 1182.9507 330.35327 1193.6407 402.479 -0.7752
HI N.TKGH 157.3973 1182.9407 307.46756 1194.0907 176.10132 -0.75347
HI N.MBUH 157.3976 1183.0007 527.89215 1193.6307 314.13174 -0.81312
HI N.MNZH 157.4012 1182.9608 334.29456 1193.9208 375.18759 -0.76882
HI N.NGIH 157.4053 1182.9008 282.4379 1194.0608 172.53435 -0.70362
HI N.YMTH 157.4222 1182.9508 508.00494 1194.1008 286.99658 -0.73274
HI N.SSNH 157.4229 1183.0608 837.59595 1194.0008 710.50867 -0.8419
HI N.GERH 157.4305 1183.0007 383.95087 1194.1407 315.34818 -0.77235
HI N.IZUH 157.4422 1183.0008 320.18497 1192.7508 239.72078 -0.75785
HI N.HYKH 157.45 1183.0708 485.68774 1194.0308 346.14539 -0.81836
HI N.SMBH 157.478 1183.1108 289.28165 1194.0808 143.72832 -0.82354
HI N.GR2H 157.4794 1183.0407 427.76556 1194.2007 415.78262 -0.7518
HI N.ODWH 157.4898 1183.1007 355.56454 1194.1007 276.36868 -0.79886
HI N.MTKH 157.4924 1183.1107 631.99756 1194.3307 373.01291 -0.80568
HI N.TSUH 157.5051 1183.0808 412.33633 1194.0908 181.23145 -0.76003
HI N.ASGH 157.5295 1183.1408 805.71704 1194.1408 603.42413 -0.78961
HI N.MZEH 157.5409 1183.1108 457.37448 1195.2008 188.54974 -0.74559
HI N.IWKH 157.5431 1183.1308 437.99854 1195.0908 346.14948 -0.76288
HI N.KMSH 157.5878 1183.1208 565.40363 1194.2208 305.46002 -0.69748
HI N.MTDH 157.6031 1183.1308 532.70007 1194.2708 362.69016 -0.68841
HI N.YSKH 157.6039 1183.2208 63.670631 1193.6408 31.330992 -0.7774
HI N.MSFH 157.6039 1183.2508 23.426529 1194.4508 6.6794295 -0.80747
HI N.AGMH 157.6055 1183.2108 278.0687 1194.7208 70.741882 -0.76552
HI N.HRTH 157.6077 1183.1608 342.59729 1194.2708 314.28293 -0.7127
HI N.KKKH 157.6187 1183.2407 340.1077 1194.3607 108.32656 -0.77895
HI N.YM2H 157.6294 1183.2508 570.63208 1194.4608 267.03021 -0.77579
HI N.HYMH 157.6309 1183.2408 475.44205 1194.2808 646.90619 -0.76385
HI N.SYKH 157.6333 1183.2808 365.87796 1194.1608 19.139797 -0.80091
HI N.KGNH 157.6485 1183.2908 156.4054 1194.8008 127.5062 -0.79211
HI N.ASYH 157.6535 1183.2708 283.76016 1194.5908 75.145409 -0.76594
HI N.TR2H 157.6789 1183.3708 334.86127 1194.6508 113.89206 -0.83458
HI N.TRUH 157.6928 1183.3508 154.7383 1194.5908 100.4478 -0.79719
HI N.TU2H 157.6978 1183.3508 347.49548 1194.5808 216.23523 -0.791
HI N.YMKH 157.7025 1183.3908 459.57684 1194.6408 332.4079 -0.82516
HI N.KADH 157.7048 1183.3408 217.91193 1194.8108 51.034958 -0.77233
HI N.INHH 157.7069 1183.3407 184.60732 1194.7707 134.58759 -0.7697
HI N.KIYH 157.7177 1183.2908 422.09988 1194.4908 217.76645 -0.70649
HI N.HSEH 157.718 1183.3508 326.03528 1194.6208 140.41704 -0.76597
HI N.ASSH 157.7269 1183.3808 215.01775 1195.0608 96.738602 -0.78497
HI N.OKCH 157.7474 1183.4308 618.62238 1195.4008 430.87134 -0.8096
HI N.FUTH 157.7708 1183.4008 400.75015 1194.5808 179.35092 -0.75048
HI N.NRSH 157.7724 1183.4408 437.58929 1193.6808 168.537 -0.78843
HI N.TMAH 157.7797 1183.4108 451.92627 1195.0608 329.3855 -0.74939
HI N.ASNH 157.78 1183.4308 422.36441 1195.1408 285.65497 -0.76918
HI N.HQSH 157.782 1183.4708 504.52771 1194.9608 254.43301 -0.8067
HI N.KSOH 157.784 1183.4207 196.54349 1194.1407 74.497047 -0.75411
HI N.AKWH 157.8011 1183.4208 545.44818 1194.7908 319.37024 -0.73293
HI N.KF2H 157.8049 1183.4908 644.14624 1194.9008 304.54529 -0.79826
HI N.OOKH 157.8072 1183.4408 388.66464 1194.8608 279.75668 -0.74537
HI N.SRWH 157.8107 1183.4908 748.4964 1195.0708 651.26837 -0.79106
HI N.HQNH 157.8217 1183.5108 452.0994 1195.9008 236.35193 -0.79742
HI N.FJOH 157.8654 1183.5508 680.09552 1195.1008 483.11078 -0.78325
HI N.ENZH 157.8673 1183.5608 523.17749 1195.0708 253.32184 -0.7909
HI N.TTNH 157.8741 1183.5808 165.73268 1195.8708 84.292412 -0.80237
HI N.FRKH 157.8756 1183.5308 224.20222 1195.2008 173.6402 -0.75064
HI N.SUYH 157.8831 1183.5408 316.17361 1195.0108 104.45869 -0.75121
HI N.CHNH 157.8892 1183.5407 268.297 1194.3907 155.32204 -0.74375
HI N.FMIH 157.8946 1183.5808 395.07013 1195.3208 79.116318 -0.77694
HI N.ICHH 157.9067 1183.5607 730.0553 1195.9707 183.64891 -0.74201
HI N.HH2H 157.9199 1183.5808 347.76523 1195.1308 277.4429 -0.74568
HI N.SDMH 157.9249 1183.6607 674.17303 1195.3207 247.06143 -0.81943
HI N.HOJH 157.9267 1183.5508 227.32103 1195.0108 178.89638 -0.7073
HI N.TONH 157.9272 1183.5808 244.79085 1194.9808 61.79105 -0.73665
HI N.HHRH 157.94 1183.6508 319.70761 1195.3208 155.93924 -0.79066
HI N.SSGH 157.9481 1183.6307 311.29279 1195.2207 102.22034 -0.76061
HI N.FCHH 157.9653 1183.6508 115.49461 1195.3008 143.88568 -0.75941
HI N.KTRH 157.976 1183.7008 322.37579 1195.3808 114.15924 -0.79614
HI N.SOJH 157.9787 1183.7108 399.51196 1195.3208 118.88896 -0.80281
HI N.MMKH 157.9942 1183.7607 478.27744 1195.3707 175.46205 -0.83349
HI N.MAZH 158.0026 1183.7308 514.71686 1195.3308 118.8937 -0.79318
HI N.TOGH 158.0076 1183.7007 450.33905 1195.3507 289.79703 -0.75688
HI N.KOTH 158.0131 1183.6207 157.16777 1195.1007 208.19496 -0.67006
HI N.SSWH 158.0249 1183.7508 306.26886 1195.9108 67.968224 -0.78545
HI N.KWKH 158.0272 1183.7807 521.1286 1195.4307 248.27443 -0.8126
HI N.KOKH 158.0513 1183.8107 292.54993 1195.4407 188.79944 -0.81282
HI N.CBAH 158.0582 1183.8708 171.73781 1195.3108 190.82214 -0.86433
HI N.MWDH 158.0584 1183.8008 622.44647 1195.3008 373.86548 -0.79398
HI N.MNYH 158.0748 1183.8608 624.49243 1195.5708 258.72406 -0.83367
HI N.MSTH 158.0817 1183.8508 550.49823 1195.5708 245.96759 -0.81514
HI N.IMIH 158.1051 1183.8808 725.94183 1195.0208 302.72534 -0.81593
HI N.HHNH 158.1113 1183.7408 382.98376 1195.4108 141.18419 -0.66838
HI N.AHMH 158.1218 1183.8807 562.06659 1195.6407 297.88696 -0.79528
HI N.MMOH 158.1233 1183.8708 530.5564 1195.4708 228.86354 -0.7835
HI N.ATYH 158.1511 1183.8908 458.7121 1195.4708 212.35101 -0.76907
HI N.YTOH 158.165 1183.9608 683.48151 1194.9408 272.54138 -0.82172
HI N.HDKH 158.1742 1183.8608 313.50369 1195.6908 164.08607 -0.71036
HI N.SAKH 158.1759 1183.9708 439.86469 1195.7808 170.40898 -0.81818
HI N.OGOH 158.1837 1183.9907 704.16077 1195.8807 492.46576 -0.82849
HI N.HOTH 158.1894 1183.9607 514.81207 1195.7307 157.92717 -0.79142
HI N.AAKH 158.2098 1183.9908 576.82544 1195.4108 292.0697 -0.79633
HI N.TOIH 158.2221 1183.9808 561.6864 1195.8608 295.59592 -0.77109
HI N.TKSH 158.2244 1184.0008 381.51202 1195.8608 196.27649 -0.78818
HI N.SHMH 158.2414 1183.9408 170.71379 1195.7708 129.77223 -0.70705
HI N.MNAH 158.2605 1184.0208 542.31049 1195.8108 240.86496 -0.7636
HI N.OMCH 158.2651 1184.0607 443.06049 1195.8707 183.88019 -0.79818
HI N.CHHH 158.2667 1184.0708 770.3822 1195.8808 327.76361 -0.80627
HI N.KNAH 158.2779 1184.1108 510.98187 1195.9708 278.60953 -0.83284
HI N.OMYH 158.2834 1184.0907 574.82477 1195.8607 416.9537 -0.8062
HI N.IWTH 158.2941 1184.0807 63.970749 1195.9807 45.451378 -0.78339
HI N.IKSH 158.3036 1184.1507 687.97876 1196.0607 186.30719 -0.842
HI N.SMNH 158.313 1184.1208 221.44566 1195.6908 49.490387 -0.80072
HI N.KIZH 158.3219 1184.1308 664.68744 1196.0708 402.58228 -0.79995
HI N.OM2H 158.329 1184.1407 566.03589 1196.1507 249.83453 -0.80151
HI N.MYTH 158.3369 1184.0908 318.58194 1196.3108 183.78517 -0.742
HI N.KHTH 158.3377 1184.1208 428.5159 1196.2408 230.70316 -0.7712
HI N.NRTH 158.343 1183.9807 151.59619 1195.7807 81.701889 -0.62476
HI N.KWTH 158.3508 1184.1608 448.93219 1196.2808 126.56771 -0.79547
HI N.CHSH 158.3574 1184.1507 557.77844 1195.8007 439.97632 -0.77743
HI N.KMDH 158.3632 1184.1907 353.13928 1196.0807 217.86627 -0.81049
HI N.TMOH 158.4136 1184.2808 1014.1736 1195.2208 495.01196 -0.8401
HI N.SSSH 158.4372 1184.2808 749.39288 1194.7408 378.60349 -0.81176
HI N.TBSH 158.438 1184.4207 157.20316 1195.9807 89.012634 -0.95088
HI N.HKKH 158.4439 1184.2508 487.54562 1195.5508 637.75842 -0.77385
HI N.HA2H 158.4463 1184.3008 151.79008 1195.9608 107.05424 -0.82091
HI N.OSTH 158.4639 1184.3207 546.16064 1196.2907 358.81812 -0.81976
HI N.EDSH 158.4663 1184.4707 190.85806 1195.9007 99.424667 -0.96696
HI N.HBAH 158.491 1184.3307 263.41669 1196.8107 129.00519 -0.79728
HI N.TUMH 158.4951 1184.3008 492.95184 1196.5908 362.43973 -0.76245
HI N.ISGH 158.5316 1184.2308 261.05972 1196.1708 129.49937 -0.64863
HI N.TBYH 158.542 1184.3108 263.19836 1196.2608 206.58873 -0.71615
HI N.HRNH 158.5608 1184.4108 216.11237 1196.7008 109.92644 -0.79377
HI N.KGRH 158.5899 1184.4008 232.53879 1196.1908 109.95186 -0.7488
HI N.TGIH 158.595 1184.4907 456.41086 1195.3207 207.38429 -0.83264
HI N.OTNH 158.61 1184.3708 336.58102 1195.4608 174.68704 -0.69468
HI N.TSKH 158.6543 1184.4408 245.50787 1196.6608 183.70776 -0.71163
HI N.NKNH 158.6874 1184.6108 360.4949 1196.7608 112.46266 -0.8433
HI N.OHRH 158.689 1184.5607 601.31122 1196.6407 290.10825 -0.79146
HI N.MKGH 158.7116 1184.6107 353.08533 1197.1407 247.87869 -0.81546
HI N.IGWH 158.7128 1184.6408 412.94794 1196.8908 216.5605 -0.84404
HI N.MDRH 158.7172 1184.5707 467.34909 1196.9107 103.60309 -0.76899
HI N.YSTH 158.7229 1184.5508 325.17712 1196.8108 113.8689 -0.74245
HI N.TAYH 158.7237 1184.6207 1011.9965 1196.9507 304.11758 -0.81142
HI N.IWSH 158.8154 1184.6207 301.54657 1196.8207 160.55418 -0.70594
HI N.AWNH 158.8501 1184.7708 697.1944 1197.1608 146.99837 -0.81593
HI N.YGDH 158.8574 1184.7708 729.27319 1198.1808 305.6622 -0.80756
HI N.YZWH 158.8675 1184.8108 619.58716 1198.7008 93.796188 -0.8359
HI N.TNEH 158.8811 1184.8008 498.39676 1197.3708 214.96873 -0.8102
HI N.ASOH 158.8876 1184.7807 371.46088 1197.1907 153.09062 -0.78269
HI N.UMYH 158.9234 1184.8208 690.15649 1197.3708 119.95905 -0.78145
HI N.JHKH 158.9351 1184.7807 441.97977 1197.1807 214.25594 -0.72799
HI N.MAKH 158.9828 1184.9207 1025.8691 1197.6607 689.02795 -0.81294
HI N.MN2H 158.9925 1184.9008 497.93924 1197.4908 306.67322 -0.78187
HI N.MOTH 159.0106 1184.8908 623.9267 1197.4208 319.39447 -0.751
HI N.GZNH 159.0329 1184.9207 551.87952 1197.4507 261.08005 -0.75533
HI N.IICH 159.0392 1184.9707 661.42279 1197.7407 174.38602 -0.798
HI N.SZWH 159.0909 1185.0508 987.61646 1197.8208 248.96475 -0.81853
HI N.KYWH 159.118 1185.0508 254.46313 1197.5608 124.46889 -0.78733
HI N.YMAH 159.1366 1185.0208 445.89166 1197.5708 140.79292 -0.73584
HI N.MUIH 159.1527 1185.0908 342.56894 1197.9808 137.21698 -0.78745
HI N.BTOH 159.1697 1185.0608 459.07898 1197.7108 176.96782 -0.73777
HI N.KYEH 159.1708 1185.1008 283.47678 1197.7008 54.927792 -0.77653
HI N.KWNH 159.1932 1185.1608 1263.9832 1197.5408 665.88904 -0.81084
HI N.YITH 159.2022 1185.1308 879.10736 1197.8408 132.32249 -0.77042
HI N.HMTH 159.2176 1185.1407 257.57278 1197.2507 25.852976 -0.76256
HI N.JUOH 159.2234 1185.1408 485.30417 1197.1208 68.302773 -0.75606
HI N.OTWH 159.2464 1185.2108 799.72156 1198.0208 338.75919 -0.79938
HI N.FJ2H 159.2796 1185.2007 478.51434 1197.9607 104.80556 -0.75114
HI N.DGOH 159.3026 1185.2807 441.94211 1198.0607 112.70744 -0.80467
HI N.YNTH 159.3084 1185.3008 364.39288 1198.0308 166.93799 -0.81797
HI N.THGH 159.328 1185.2907 691.69769 1197.9807 65.920929 -0.78547
HI N.INAH 159.409 1185.4008 873.86932 1197.9108 159.7088 -0.80225
HI N.NGOH 159.4713 1185.4707 1414.3259 1197.9007 514.10077 -0.80046
HI N.TDMH 159.5119 1185.5208 552.96393 1198.4608 94.41497 -0.80377
HI N.IWWH 159.5199 1185.4908 408.45969 1197.7208 102.50739 -0.7645
HI N.NGUH 159.5515 1185.5207 822.31604 1199.0407 153.68755 -0.75804
HI N.SMGH 159.5809 1185.5608 480.57071 1197.4608 132.85913 -0.76426
HI N.YBKH 159.6519 1185.6908 1116.2975 1197.3608 408.06583 -0.81246
HI N.NNMH 159.6969 1185.7508 944.90436 1198.9208 278.06104 -0.82064
HI N.KMKH 159.7145 1185.7007 695.49487 1198.7807 139.25394 -0.75029
HI N.HTAH 159.7263 1185.7207 317.46429 1199.4807 106.71824 -0.75673
HI N.ATDH 159.7496 1185.7507 857.52283 1198.1407 329.27695 -0.75989
HI N.MRMH 159.7995 1185.8508 375.65475 1197.4108 107.97074 -0.80247
HI N.KRYH 159.8185 1185.8808 630.64368 1198.2108 58.662476 -0.81064
HI N.TWAH 159.861 1185.8708 563.62073 1197.4508 443.43024 -0.7517
HI N.TSTH 159.881 1185.9207 529.60284 1198.2707 96.119987 -0.77854
HI N.MRUH 159.976 1186.0707 451.79843 1198.0207 128.58379 -0.81915
HI N.MKJH 160.0047 1186.0507 368.89957 1197.1307 94.799591 -0.76608
HI N.NAZH 160.01 1186.0607 490.90439 1197.2607 30.149624 -0.76984
HI N.INWH 160.0293 1186.0708 448.21777 1197.0808 299.41248 -0.75781
HI N.ATKH 160.0321 1186.0908 409.37332 1197.0108 126.79661 -0.77455
HI N.KMAH 160.1558 1186.2508 409.32935 1197.2208 130.39548 -0.79344
HI N.FKSH 160.1939 1186.3108 564.66321 1198.2208 150.80296 -0.81107
HI N.YNZH 160.2256 1186.2808 896.25891 1198.0808 359.40527 -0.74588
HI N.ONIH 160.2509 1186.3408 247.51062 1197.2508 158.16951 -0.7788
HI N.THTH 160.3304 1186.4408 739.28638 1199.0108 138.39034 -0.79381
HI N.NYOH 160.4546 1186.5708 440.62271 1199.2308 197.64404 -0.79105
HI N.KMYH 160.4717 1186.5508 345.97351 1198.3108 20.160286 -0.75282
HI N.YGTH 160.6379 1186.7607 896.28473 1198.0207 656.20441 -0.78515
HI N.IWNH 160.6437 1186.7508 381.04062 1198.4708 137.24339 -0.76896
HI N.KWSH 160.6546 1186.7607 574.8197 1198.2507 365.37186 -0.7672
HI N.NKEH 160.7487 1186.8708 531.08649 1197.8908 119.64245 -0.77664
HI N.TDOH 160.7783 1186.9308 485.39011 1198.3608 160.1608 -0.80509
HI N.TZWH 161.0666 1187.2708 607.59692 1198.2008 276.15485 -0.8368
HI N.ONDH 161.067 1187.2507 681.30737 1026.1407 -1.3227977 -0.81642
HI N.FGTH 161.0832 1187.2408 811.94275 1198.7908 194.61269 -0.7891
HI N.MGMH 161.1337 1187.3208 757.93213 1198.1108 245.45494 -0.81517
HI N.KAKH 161.1496 1187.3007 295.32074 1198.9507 77.415642 -0.77815
HI N.TAJH 161.1524 1187.3308 692.51233 1198.6108 144.94563 -0.80518
HI N.NRKH 161.296 1187.4908 375.38437 1199.0808 88.518394 -0.81173
HI N.TOWH 161.4012 1187.5507 446.62491 1198.3807 186.62782 -0.75911
HI N.CHKH 161.4062 1187.6207 522.39972 1198.4107 310.94595 -0.82386
HI N.FSWH 161.4828 1187.6808 375.22427 1198.4808 35.411594 -0.80203
HI N.ICEH 161.4914 1187.6808 748.92676 1198.8408 202.20659 -0.7929
HI N.IW2H 161.4938 1187.7007 387.92065 1199.6307 120.73027 -0.81023
HI N.YUZH 161.5595 1187.7608 549.1485 1198.3108 233.91893 -0.79994
HI N.KKWH 161.6062 1187.7907 611.33185 1199.1607 73.030426 -0.77999
HI N.HNRH 161.6084 1187.8207 694.19696 1199.5907 83.513252 -0.80769
HI N.RZTH 161.6843 1187.8708 658.90399 1199.1008 112.04585 -0.77665
HI N.OMRH 161.6894 1187.9208 557.05511 1198.7908 118.95981 -0.8212
HI N.KGSH 161.7096 1187.9208 1126.9554 1199.0108 87.950249 -0.79962
HI N.SMTH 161.7909 1188.0107 356.61771 1198.9307 64.111229 -0.80578
HI N.HMSH 161.8557 1188.0707 619.73718 1198.6407 119.03336 -0.8012
HI N.TOUH 161.9126 1188.1108 379.19104 1199.0008 125.73315 -0.78437
HI N.NSEH 161.9402 1188.1408 795.31384 1199.6308 76.57933 -0.78694
HI N.HMNH 161.949 1188.1707 573.03485 1199.7807 129.86214 -0.80805
HI N.KMIH 161.9866 1188.1507 363.5274 1199.0007 100.4258 -0.75045
HI N.KWAH 162.0063 1188.1907 564.17993 1198.7607 158.19629 -0.77081
HI N.NSSH 162.0284 1188.2608 575.66199 1199.3208 153.61368 -0.81891
HI N.OGAH 162.07 1188.3008 1084.7737 1199.6208 179.85826 -0.81738
HI N.SZKH 162.111 1188.3508 663.90942 1199.7708 114.22162 -0.82639
HI N.YHBH 162.1227 1188.3408 610.92694 1198.8208 339.50235 -0.80478
HI N.KASH 162.1294 1188.3208 294.94525 1199.2108 40.434753 -0.77809
HI N.GJOH 162.1656 1188.4008 886.97375 1198.9908 172.50824 -0.82193
HI N.NSNH 162.1715 1188.4207 418.01306 1199.5607 123.65977 -0.83602
HI N.YMDH 162.2025 1188.3907 305.21127 1200.6207 79.21759 -0.77501
HI N.ANIH 162.2794 1188.4908 401.01981 1200.5208 152.98393 -0.79828
HI N.KANH 162.2805 1188.5008 410.04141 1200.3008 174.17239 -0.80721
HI N.TMYH 162.3958 1188.6108 285.20975 1200.4908 107.94637 -0.80204
HI N.IWZH 162.4432 1188.6008 336.47424 1200.1408 134.46904 -0.74487
HI N.TROH 162.4521 1188.6107 266.61987 1199.4507 121.39851 -0.74588
HI N.KZNH 162.4653 1188.6507 430.75449 1200.2607 135.38701 -0.77269
HI N.KZMH 162.5468 1188.7208 286.61624 1200.4808 84.278313 -0.76145
HI N.ASRH 162.5764 1188.7908 582.85382 1200.6208 113.24451 -0.80192
HI N.IHEH 162.5862 1188.8108 564.04846 1200.5908 55.773453 -0.81214
HI N.ODTH 162.6241 1188.8308 421.46606 1200.6308 178.34782 -0.79433
HI N.KHEH 162.7153 1188.9308 357.58609 1200.3008 65.090973 -0.80322
HI N.KJSH 162.7262 1188.8307 316.78296 1200.2307 79.988739 -0.69232
HI N.TTKH 162.7399 1188.9608 388.92435 1201.3108 97.78614 -0.80869
HI N.NHWH 162.7493 1188.9807 585.89026 1201.9807 423.97647 -0.81936
HI N.NHEH 162.7735 1189.0408 644.69946 1201.2408 106.67277 -0.85529
HI N.OWNH 162.7879 1188.9608 568.03058 1202.4708 63.500935 -0.76076
HI N.KOSH 162.8412 1189.0007 449.42133 1202.5807 239.38124 -0.74743
HI N.SHGH 162.9162 1189.1007 938.60748 1202.8307 535.51617 -0.77272
HI N.KRIH 162.9344 1189.1108 679.70825 1203.3808 241.71085 -0.76532
HI N.NWAH 162.9697 1189.2208 621.67059 1202.2208 127.58048 -0.84203
HI N.TWWH 162.9993 1189.1908 469.54813 1202.8208 143.888 -0.78407
HI N.NHJH 163.2865 1189.4908 663.97913 1202.5608 374.54434 -0.81272
HI N.RKSH 163.4629 1189.5508 829.71686 1202.8408 200.45909 -0.70595
HI N.KUCH 163.6055 1189.7308 457.46643 1203.2108 180.42686 -0.75118
HI N.SAIH 163.7259 1189.9008 404.21405 1202.8908 64.638763 -0.80789
HI N.SRUH 163.7759 1189.8408 828.4646 1203.0608 475.28821 -0.70309
HI N.ASBH 164.0969 1190.2308 279.23526 1203.7908 79.223297 -0.80564
HI N.KUMH 164.1381 1190.2407 458.42123 1205.5307 246.61777 -0.77857
HI N.KHYH 164.4438 1190.5708 480.89664 1204.3008 305.87775 -0.83473
HI N.KMNH 164.7192 1190.7707 339.55048 1206.1107 113.28275 -0.79003
HI N.SMMH 164.7693 1190.6908 683.79944 1205.6108 395.867 -0.66841
HI N.TURH 164.803 1190.8508 424.08908 1205.5208 289.97946 -0.80052
HI N.OHTH 164.929 1190.9508 546.67303 1206.7408 319.02716 -0.79603
HI N.KMBH 165.0128 1188.8808 388.88831 1203.7908 114.95525 1.3436
HI N.SZNH 165.0172 1188.4908 481.43362 1204.3208 313.93127 1.7372
HI N.MBWH 165.0828 1190.0908 1130.1213 1206.0008 901.34875 0.19169
HI N.KYOH 165.0931 1191.1908 575.4848 1203.9108 194.64482 -0.89976
HI N.TOMH 165.125 1191.5408 394.21051 1205.4608 567.79694 -1.2234
HI N.CCNH 165.1316 1191.1608 136.95157 1205.6608 123.83231 -0.8379
HI N.AMAH 165.1607 1191.4908 900.83655 1205.7808 471.77368 -1.1437
HI N.MBEH 165.243 1190.0808 605.30084 1206.5008 70.513794 0.33451
HI N.AGWH 165.2526 1190.4508 526.61353 1206.1008 237.08105 -0.027438
HI N.NCPH 165.2981 1189.6308 500.37152 1205.3308 157.87241 0.83028
HI N.BRWH 165.312 1190.0908 609.15344 1206.3508 253.70529 0.38176
HI N.CTSH 165.3179 1190.8308 711.19739 1207.0608 353.16559 -0.35336
HI N.FBRH 165.3268 1190.2908 299.76126 1207.9708 101.80115 0.19409
HI N.TKIH 165.349 1189.3008 551.25275 1207.1708 164.93974 1.2024
HI N.OIWH 165.3561 1189.0708 603.26953 1205.8308 175.31715 1.4384
HI N.BREH 165.3622 1189.6208 602.99762 1207.6908 221.93773 0.8935
HI N.HOBH 165.4404 1189.6008 445.56531 1208.1408 146.52902 0.97832
HI N.YUBH 165.5194 1189.3608 483.81436 1207.9908 96.639221 1.2839
HI N.KYMH 165.5227 1189.3908 837.27411 1207.9108 269.61948 1.2566
HI N.SSTH 165.6267 1189.5808 1123.8021 1209.1908 1197.7893 1.1527
HI N.SHZH 165.6449 1189.5008 81.936897 1209.7708 49.04911 1.2479
HI N.MSAH 165.7065 1189.7208 485.15042 1206.0208 223.8486 1.079
HI N.MMRH 165.707 1189.3508 892.60046 1206.2108 160.8972 1.4495
HI N.SMPH 165.7407 1189.3508 477.92581 1206.8708 152.14302 1.4773
HI N.TYRH 165.7455 1189.5308 1155.9897 1206.5608 138.53925 1.3014
HI N.TOBH 165.7788 1189.7408 711.85919 1208.4808 326.91022 1.119
HI N.SKSH 165.934 1189.5808 358.05743 1206.9808 54.694191 1.4077
HI N.FRNH 165.9603 1189.4408 276.52423 1208.0308 46.325191 1.5695
HI N.SUGH 165.9703 1189.7708 777.79895 1207.8208 101.58089 1.2478
HI N.SNSH 166.0203 1189.7108 1136.9144 1210.1208 524.27521 1.3493
HI N.NFRH 166.0242 1189.7008 309.88925 1209.9908 205.1134 1.3626
HI N.HBTH 166.0613 1189.5408 591.72516 1211.3308 120.87602 1.5533
HI N.SKNH 166.0902 1190.0708 593.1991 1208.1708 119.52048 1.0473
HI N.BEWH 166.1049 1189.8708 413.29843 1209.2808 81.971428 1.2595
HI N.BEEH 166.156 1189.8108 568.34839 1209.5608 93.909637 1.3605
HI N.AYWH 166.1562 1189.9108 1031.4955 1208.2308 112.58212 1.2606
HI N.SNNH 166.1645 1189.4608 600.25732 1208.4008 94.848152 1.717
HI N.ANSH 166.1744 1189.6708 1221.6899 1208.1008 492.12457 1.5145
HI N.FGSH 166.185 1190.0308 850.44849 1208.6108 313.5036 1.1626
HI N.TRSH 166.2416 1189.7208 917.15869 1208.4108 183.92738 1.5157
HI N.NUMH 166.2598 1191.5608 858.64697 1209.4808 362.97333 -0.31053
HI N.FGNH 166.3274 1189.7508 435.74719 1207.5808 51.672035 1.551
HI N.TRWH 166.3341 1189.8608 712.91003 1209.1808 262.25311 1.446
HI N.TREH 166.3443 1189.8008 537.83008 1209.2008 297.90918 1.5138
HI N.AYEH 166.3753 1190.0108 1169.349 1210.6608 207.15852 1.3275
HI N.SCSH 166.394 1189.5808 714.61865 1210.2008 422.01617 1.7716
HI N.ORWH 166.4016 1190.4708 720.02673 1209.3108 580.37811 0.88738
HI N.RKBH 166.4042 1189.9108 907.31818 1210.8108 148.74713 1.4495
HI N.ANNH 166.4704 1190.2608 381.06378 1211.7808 256.92874 1.1499
HI N.HOSH 166.478 1190.0008 358.38956 1208.6308 103.64799 1.4156
HI N.HNKH 166.4807 1189.4008 740.91156 1209.3108 211.91423 2.0177
HI N.WSMH 166.5016 1189.9408 189.91011 1213.2008 77.343887 1.4935
HI N.OKEH 166.5178 1190.0008 798.77728 1210.9908 153.92215 1.4459
HI N.OREH 166.5192 1190.5208 663.66388 1211.3208 164.4697 0.92698
HI N.KKAH 166.5259 1190.4408 621.60052 1210.9608 121.04642 1.0121
HI N.SCNH 166.5455 1190.0608 1097.5071 1210.8108 274.94217 1.407
HI N.BKWH 166.5884 1190.1808 1153.2325 1211.2408 372.38562 1.3197
HI N.HOCH 166.5891 1190.0308 329.35175 1210.7908 155.12616 1.4702
HI N.RBSH 166.6028 1190.2808 776.60614 1209.3008 234.43945 1.2306
HI N.STKH 166.6077 1190.5908 835.19739 1209.0108 248.67256 0.92436
HI N.BKEH 166.6635 1188.9408 1265.3564 1208.7308 534.31561 2.6168
HI N.HONH 166.7443 1190.4208 450.67874 1208.5908 341.22665 1.1982
HI N.BHRH 166.7649 1190.4908 639.98334 1209.1408 220.3248 1.144
HI N.NSTH 166.7773 1190.0508 1345.9626 1211.8908 402.86563 1.5934
HI N.TUSH 166.8335 1190.6208 448.23126 1210.4408 105.74334 1.0662
HI N.SWWH 166.8914 1190.7208 1124.7316 1208.3708 110.16832 1.0103
HI N.STSH 166.897 1190.0108 1151.2737 1209.5708 278.08502 1.7246
HI N.TUNH 166.923 1190.5108 446.60355 1209.5708 83.606712 1.2443
HI N.MMBH 166.9477 1190.4608 646.16315 1211.0008 159.43445 1.3131
HI N.BFWH 166.9534 1190.4008 330.1813 1209.8908 123.87754 1.3775
HI N.KMZH 166.9554 1190.5108 637.19946 1210.6708 123.36497 1.269
HI N.SWEH 166.9559 1190.6208 477.02975 1211.6908 105.90193 1.1594
HI N.NYRH 166.96 1190.6508 582.0506 1209.9908 337.23026 1.1325
HI N.EBTH 166.9638 1189.3708 4570.0781 1211.4808 886.85431 2.4155
HI N.STNH 167.0134 1190.5108 1154.126 1210.7108 745.75238 1.3132
HI N.SRMH 167.0451 1190.4408 493.4108 1210.8408 114.64693 1.4074
HI N.NAWH 167.0588 1190.9608 290.03198 1212.2108 467.57169 0.89774
HI N.BFNH 167.0756 1190.5608 830.36469 1212.4108 241.56186 1.3106
HI N.YBNH 167.0878 1190.6708 1628.27 1210.3908 534.45538 1.2098
HI N.SYSH 167.1013 1190.4808 1746.7301 1208.7308 713.76843 1.4101
HI N.BFEH 167.1123 1190.6508 754.76025 1209.9208 117.13441 1.2485
HI N.OPWH 167.1232 1190.6808 679.98907 1210.3508 248.96542 1.2267
HI N.OPEH 167.1455 1190.6408 689.72656 1211.8508 115.153 1.2838
HI N.OUMH 167.1683 1190.6808 574.12079 1210.6908 238.48454 1.2609
HI N.ONPH 167.2218 1190.6508 470.38321 1209.6908 154.46893 1.3297
HI N.TSOH 167.2299 1191.6008 1376.5044 1208.9808 163.43678 0.38567
HI N.SYNH 167.2728 1190.6808 720.46112 1212.3008 310.73682 1.3369
HI N.UNSH 167.2969 1190.7808 739.52563 1212.9008 117.21152 1.2545
HI N.NTBH 167.3615 1190.6808 476.19586 1213.5508 154.94882 1.4009
HI N.UNNH 167.366 1190.9508 1317.2968 1213.9408 328.03125 1.1341
HI N.TYTH 167.3713 1192.4008 1870.2037 1213.1508 744.75085 -0.31215
HI N.HNBH 167.3874 1193.1308 591.37219 1213.7508 382.42358 -1.0306
HI N.WNWH 167.4581 1190.7708 1643.6991 1212.0408 338.3605 1.3801
HI N.WNEH 167.5169 1190.8908 1130.8872 1212.5108 411.3262 1.3022
HI N.HTBH 167.5698 1190.7308 844.85297 1211.6308 129.36078 1.5001
HI N.SFSH 167.6121 1190.8108 2500.3489 1213.2908 495.9332 1.4485
HI N.SFNH 167.6851 1190.8008 714.57513 1211.9408 264.39069 1.5075
HI N.WNNH 167.7484 1191.2008 1000.9114 1212.9508 324.98584 1.1498
