HI N.RKSH 145.686 1116.3992 1098.6389 1116.3992 1098.6389 -0.48058
HI N.SAIH 145.6941 1116.3492 594.07422 1116.3492 594.07422 -0.4168
HI N.KUCH 145.7317 1115.3892 1601.6953 1115.3892 1601.6953 0.60649
HI N.KRMH 146.0154 1116.6392 721.88287 1116.6392 721.88287 -0.16421
HI N.NWAH 146.0396 1116.7692 1387.6832 1116.7692 1387.6832 -0.25379
HI N.KJSH 146.0475 1116.6392 605.46716 1116.6392 605.46716 -0.11036
HI N.TWEH 146.0594 1116.7692 1226.269 1116.7692 1226.269 -0.22034
HI N.TROH 146.1422 1116.9792 658.61432 1116.9792 658.61432 -0.29126
HI N.TWWH 146.1552 1116.8192 923.93799 1116.8192 923.93799 -0.10945
HI N.NHEH 146.1711 1116.8592 1058.9313 1116.8592 1058.9313 -0.12274
HI N.SHGH 146.1745 1116.9792 1394.6591 1116.9792 1394.6591 -0.23703
HI N.KHEH 146.1763 1116.7292 619.55737 1116.7292 619.55737 0.016198
HI N.KZMH 146.2366 1116.8792 451.91531 1116.8792 451.91531 -0.03267
HI N.NHWH 146.2576 1117.2093 909.62689 1117.2093 909.62689 -0.32756
HI N.IWZH 146.261 1116.8992 574.28137 1116.8992 574.28137 -0.011718
HI N.YMDH 146.2932 1116.8293 546.7464 1116.8293 546.7464 0.11141
HI N.KOSH 146.3255 1117.1693 637.94391 1117.1693 637.94391 -0.17499
HI N.TTKH 146.3268 1116.9192 558.67822 1116.9192 558.67822 0.077262
HI N.KRIH 146.3271 1116.8992 729.8797 1116.8992 729.8797 0.09774
HI N.IHEH 146.3602 1117.0992 774.24158 1117.0992 774.24158 -0.047562
HI N.KANH 146.392 1116.9093 806.52057 1116.9093 806.52057 0.19511
HI N.TMYH 146.4083 1116.8892 424.43628 1116.8892 424.43628 0.24228
HI N.KASH 146.4558 1116.8992 574.23419 1116.8992 574.23419 0.31088
HI N.OWNH 146.4711 1117.0392 893.24939 1117.0392 893.24939 0.19635
HI N.KMIH 146.4827 1116.9392 739.83234 1116.9392 739.83234 0.31544
HI N.ODTH 146.5768 1117.0892 822.12927 1117.0892 822.12927 0.3214
HI N.KZNH 146.5981 1117.4293 830.25232 1117.4293 830.25232 0.016671
HI N.TSRH 146.6634 1117.2093 843.27716 1117.2093 843.27716 0.34481
HI N.YHBH 146.7141 1117.1292 677.77368 1117.1292 677.77368 0.50896
HI N.TOUH 146.7642 1117.0992 517.6861 1117.0992 517.6861 0.62191
HI N.SZKH 146.7835 1117.2792 1111.8798 1117.2792 1111.8798 0.47385
HI N.SMTH 146.8047 1117.2092 699.84265 1117.2092 699.84265 0.57888
HI N.RZTH 146.8106 1117.2193 1045.5806 1117.2193 1045.5806 0.57872
HI N.KKWH 146.8126 1117.1693 667.58405 1117.1693 667.58405 0.63201
HI N.HMNH 146.8699 1117.3192 761.60022 1117.3192 761.60022 0.57706
HI N.HMSH 146.9122 1117.3692 727.38702 1117.3692 727.38702 0.597
HI N.FSWH 147.0232 1117.3592 529.08905 1117.3592 529.08905 0.79107
HI N.KGSH 147.0247 1117.5692 830.14423 1117.5692 830.14423 0.58348
HI N.GJOH 147.0361 1119.3592 552.30542 1119.3592 552.30542 -1.1875
HI N.NSEH 147.0377 1117.4692 641.09827 1117.6992 641.51477 0.70507
HI N.KWAH 147.0746 1119.3493 387.78833 1119.3493 387.78833 -1.1139
HI N.TOWH 147.0878 1117.4892 676.16486 1117.4892 676.16486 0.76798
HI N.ICEH 147.1738 1117.7292 1144.8306 1117.7292 1144.8306 0.67049
HI N.HNRH 147.2204 1117.5692 814.83081 1117.5692 814.83081 0.90771
HI N.IW2H 147.2322 1117.6092 540.57452 1117.6092 540.57452 0.88716
HI N.KAKH 147.2422 1117.4392 468.08298 1117.4392 468.08298 1.0739
HI N.YUZH 147.3549 1117.8492 583.94476 1117.8892 591.14203 0.8505
HI N.TAJH 147.3647 1117.5492 900.01611 1117.5492 900.01611 1.1668
HI N.NRKH 147.4558 1117.6492 487.14246 1117.6492 487.14246 1.2177
HI N.OGCH 147.4741 1117.5693 768.88055 1117.5693 768.88055 1.3279
HI N.CHKH 147.5223 1117.6592 753.46979 1117.6592 753.46979 1.318
HI N.ONDH 147.5508 1120.6492 734.61151 1120.6492 734.61151 -1.6247
HI N.MGMH 147.6059 1117.6393 1037.8975 1117.6393 1037.8975 1.4763
HI N.FGTH 147.717 1120.8792 863.02435 1120.8792 863.02435 -1.5815
HI N.IWNH 147.7977 1120.9692 654.67157 1120.9692 654.67157 -1.5411
HI N.TZWH 147.8113 1117.7692 640.41443 1117.7692 640.41443 1.6809
HI N.KWSH 147.8836 1121.2293 1067.0011 1121.2293 1067.0011 -1.6625
HI N.TDOH 147.9178 1121.2793 776.07458 1121.2793 776.07458 -1.6571
HI N.TCKH 147.988 1121.4192 797.41315 1121.4192 797.41315 -1.6836
HI N.NKEH 148.0482 1121.4592 663.37097 1121.4592 663.37097 -1.6265
HI N.YGTH 148.0645 1121.4692 1172.1049 1121.4692 1172.1049 -1.6101
HI N.NKWH 148.1544 1121.6493 693.77386 1121.6493 693.77386 -1.6448
HI N.KMYH 148.157 1121.5493 514.36932 1121.5493 514.36932 -1.5406
HI N.KMAH 148.2261 1121.6492 499.12643 1121.6492 499.12643 -1.5289
HI N.ASAH 148.2411 1121.7292 466.7019 1121.7292 466.7019 -1.5845
HI N.YNZH 148.4391 1122.0592 681.62732 1122.0592 681.62732 -1.5946
HI N.INWH 148.5029 1122.5793 479.96274 1122.5793 479.96274 -2.0116
HI N.HTAH 148.5126 1122.4792 407.95251 1122.4792 407.95251 -1.8959
HI N.KRYH 148.5223 1122.0893 503.58151 1122.0893 503.58151 -1.4904
HI N.SKWH 148.5889 1122.1692 535.15082 1122.1692 535.15082 -1.4627
HI N.ATKH 148.6315 1122.2792 472.86328 1122.2792 472.86328 -1.5036
HI N.IWWH 148.6354 1122.3592 520.43042 1122.3592 520.43042 -1.5774
HI N.YBKH 148.6701 1122.4592 1045.2755 1122.4592 1045.2755 -1.6214
HI N.NNMH 148.6995 1122.4093 580.80145 1122.4093 580.80145 -1.524
HI N.NAZH 148.7195 1122.4493 380.88242 1122.4493 380.88242 -1.5317
HI N.THGH 148.7604 1122.5192 598.0401 1122.5192 598.0401 -1.5354
HI N.TSTH 148.7885 1122.7992 594.49939 1122.7992 594.49939 -1.7701
HI N.JUOH 148.8386 1122.6392 574.84412 1122.6392 574.84412 -1.5291
HI N.ATDH 148.8489 1123.1093 633.70319 1123.1093 633.70319 -1.9826
HI N.NGUH 148.8496 1122.7292 662.17181 1122.7292 662.17181 -1.6013
HI N.DGOH 148.9015 1122.7192 520.99341 1122.7192 520.99341 -1.5076
HI N.TWAH 148.9277 1123.0492 564.00793 1123.0492 564.00793 -1.7952
HI N.SMGH 148.9323 1122.8293 531.69965 1122.8293 531.69965 -1.5678
HI N.YMAH 148.9669 1122.8992 558.37762 1122.8992 558.37762 -1.5827
HI N.HTKH 148.9849 1122.9792 565.57129 1122.9792 565.57129 -1.6342
HI N.NMTH 149.0094 1123.0492 791.26959 1123.0492 791.26959 -1.6659
HI N.BTOH 149.0529 1123.0492 595.80243 1123.0492 595.80243 -1.5975
HI N.MRMH 149.0562 1123.3392 399.55447 1123.3392 399.55447 -1.8822
HI N.KMKH 149.0692 1123.1793 507.72049 1123.1793 507.72049 -1.7017
HI N.OTWH 149.0784 1123.2192 1266.9948 1123.2192 1266.9948 -1.7273
HI N.GZNH 149.079 1123.2993 611.09277 1123.2993 611.09277 -1.8064
HI N.JHKH 149.1129 1123.5092 589.37036 1123.5092 589.37036 -1.9629
HI N.MOTH 149.1359 1123.5192 656.90527 1123.5192 656.90527 -1.9368
HI N.TYOH 149.1647 1123.4892 309.78873 1123.4892 309.78873 -1.8615
HI N.KMOH 149.183 1123.3493 532.37878 1123.3493 532.37878 -1.6927
HI N.YITH 149.1943 1123.4692 660.6203 1123.4692 660.6203 -1.7948
HI N.UJEH 149.2004 1123.4492 1098.1638 1123.4492 1098.1638 -1.7652
HI N.INAH 149.2044 1123.3492 525.17444 1123.3492 525.17444 -1.659
HI N.CHSH 149.2082 1123.4792 671.18323 1123.4792 671.18323 -1.7829
HI N.FJ2H 149.2109 1123.5093 433.53497 1123.5093 433.53497 -1.8087
HI N.CH2H 149.2113 1123.4992 722.7229 1123.4992 722.7229 -1.7981
HI N.STDH 149.2184 1123.3092 493.8732 1123.3092 493.8732 -1.597
HI N.HA2H 149.2185 1123.4192 447.05606 1123.4192 447.05606 -1.7068
HI N.TDMH 149.2267 1123.5493 411.18762 1123.5493 411.18762 -1.8239
HI N.HGAH 149.2304 1123.3892 810.14832 1123.3892 810.14832 -1.658
HI N.IWSH 149.294 1123.7293 746.1109 1123.7293 746.1109 -1.8981
HI N.KYEH 149.3029 1123.7292 235.68597 1123.7292 235.68597 -1.884
HI N.YSTH 149.3206 1123.4392 632.3114 1123.4392 632.3114 -1.5662
HI N.IICH 149.3304 1123.6092 747.01038 1123.6092 747.01038 -1.7208
HI N.KGRH 149.3469 1123.5492 637.31213 1123.5492 637.31213 -1.6348
HI N.UMYH 149.3598 1123.6492 931.35211 1123.6492 931.35211 -1.7145
HI N.HMTH 149.3952 1123.8492 379.64026 1123.8492 379.64026 -1.8587
HI N.EDSH 149.4144 1123.9892 507.91846 1123.9892 507.91846 -1.9685
HI N.TSKH 149.4194 1123.8492 425.58221 1123.8492 425.58221 -1.8206
HI N.KYWH 149.4254 1123.8692 229.95573 1123.8692 229.95573 -1.8312
HI N.NGOH 149.4367 1123.7493 1165.6338 1123.7493 1165.6338 -1.6935
HI N.NRTH 149.5059 1123.7192 397.47684 1123.7192 397.47684 -1.5546
HI N.YNTH 149.5071 1124.0092 351.86823 1124.0092 351.86823 -1.8427
HI N.AWNH 149.5242 1123.9593 816.67273 1123.9593 816.67273 -1.7658
HI N.ISGH 149.5454 1124.1392 434.35141 1124.1392 434.35141 -1.9124
HI N.TBSH 149.5456 1124.0492 289.07932 1124.0492 289.07932 -1.8221
HI N.ASOH 149.5719 1123.9892 569.64331 1123.9892 569.64331 -1.7207
HI N.OHRH 149.5929 1123.9293 674.1524 1123.9293 674.1524 -1.6277
HI N.MUIH 149.6063 1124.1192 313.35825 1124.1192 313.35825 -1.7966
HI N.MORH 149.6348 1123.8892 25.751589 1123.8892 25.751589 -1.5218
HI N.MN2H 149.6835 1124.2092 327.65274 1124.2092 327.65274 -1.7651
HI N.KWNH 149.6866 1124.1092 770.74115 1124.1092 770.74115 -1.6604
HI N.TNEH 149.6909 1124.2592 517.80902 1124.2592 517.80902 -1.8034
HI N.SHMH 149.7091 1124.2592 464.56113 1124.2592 464.56113 -1.7749
HI N.SZWH 149.7097 1124.3593 569.8158 1124.3593 569.8158 -1.874
HI N.MDRH 149.7469 1124.1992 684.33508 1124.1992 684.33508 -1.6554
HI N.TBYH 149.755 1124.1692 447.35461 1124.1692 447.35461 -1.6127
HI N.ICHH 149.834 1124.2793 1040.2283 1124.2793 1040.2283 -1.5985
HI N.YZWH 149.889 1124.6292 450.76443 1124.6292 450.76443 -1.8619
HI N.KTUH 149.8995 1124.6692 973.40948 1124.6692 973.40948 -1.8853
HI N.TAYH 149.9312 1124.5592 964.84119 1124.5592 964.84119 -1.7264
HI N.YMIH 149.9407 1124.5793 4.1027517 1124.5793 4.1027517 -1.7319
HI N.ISSH 149.9436 1124.6892 57.379799 1124.6892 57.379799 -1.8374
HI N.KOTH 149.9545 1124.4292 294.42673 1124.4292 294.42673 -1.5606
HI N.MAKH 149.9759 1124.5793 727.51233 1124.5793 727.51233 -1.6779
HI N.KWTH 149.9983 1124.6992 654.99268 1124.6992 654.99268 -1.7634
HI N.NZWH 150.0405 1124.8292 530.05121 1124.8292 530.05121 -1.8287
HI N.HRNH 150.063 1124.7892 314.74069 1124.7892 314.74069 -1.7543
HI N.KMSH 150.0636 1124.8492 1089.3279 1124.8492 1089.3279 -1.8133
HI N.TOIH 150.1141 1124.8092 596.58728 1124.8092 596.58728 -1.6958
HI N.KMWH 150.1258 1125.1293 370.10855 1125.1293 370.10855 -1.9979
HI N.TMOH 150.129 1124.8292 771.6712 1124.8292 771.6712 -1.693
HI N.KIZH 150.1291 1124.8792 599.46094 1124.8792 599.46094 -1.7429
HI N.MKOH 150.1318 1124.9892 683.6701 1124.9892 683.6701 -1.8488
HI N.MNAH 150.146 1124.8992 580.70129 1124.8992 580.70129 -1.737
HI N.FCHH 150.1549 1124.8492 274.078 1124.8492 274.078 -1.6733
HI N.HHNH 150.1592 1124.8992 800.17645 1124.8992 800.17645 -1.7167
HI N.NKNH 150.1864 1124.8892 502.48343 1124.8892 502.48343 -1.6649
HI N.NGRH 150.2107 1125.0192 511.034 1125.0192 511.034 -1.7576
HI N.IWKH 150.2121 1124.9592 648.13525 1124.9592 648.13525 -1.6955
HI N.KNAH 150.2214 1124.9992 473.63403 1124.9992 473.63403 -1.7214
HI N.YFTH 150.2238 1125.1292 596.24078 1125.1292 596.24078 -1.8477
HI N.CKRH 150.2341 1125.2192 802.48718 1125.2192 802.48718 -1.9219
HI N.OGOH 150.2565 1125.0493 671.74591 1125.0493 671.74591 -1.7176
HI N.YSKH 150.2641 1125.0392 130.06288 1125.0392 130.06288 -1.6959
HI N.HOJH 150.2798 1125.0992 367.40875 1125.0992 367.40875 -1.7318
HI N.SMNH 150.2823 1125.2092 385.26834 1125.2092 385.26834 -1.838
HI N.MKGH 150.2867 1125.0692 310.76422 1125.0692 310.76422 -1.6912
HI N.HYMH 150.2912 1125.0692 929.67621 1125.0692 929.67621 -1.6842
HI N.AKWH 150.3342 1125.2092 713.25818 1125.2092 713.25818 -1.7582
HI N.SUZH 150.3371 1125.4892 397.69638 1125.4892 397.69638 -2.0339
HI N.TY2H 150.3469 1125.2792 707.54401 1125.2792 707.54401 -1.8088
HI N.HH2H 150.3506 1125.1792 432.49332 1125.1792 432.49332 -1.7033
HI N.HHRH 150.3638 1125.1992 276.28238 1125.1992 276.28238 -1.7029
HI N.MYTH 150.3703 1125.2792 362.75754 1125.2792 362.75754 -1.773
HI N.TGKH 150.3824 1125.2692 532.35309 1125.2692 532.35309 -1.7444
HI N.FJOH 150.3848 1125.1692 638.15271 1125.1692 638.15271 -1.6407
HI N.IGWH 150.3867 1125.5092 291.93552 1125.5092 291.93552 -1.9777
HI N.OTNH 150.4358 1125.3692 632.55597 1125.3692 632.55597 -1.7625
HI N.KIYH 150.4359 1125.3393 552.37683 1125.3393 552.37683 -1.7324
HI N.HRTH 150.4579 1125.2292 693.72308 1125.2292 693.72308 -1.5887
HI N.UCUH 150.482 1125.5893 492.42105 1125.5893 492.42105 -1.9118
HI N.OOKH 150.4942 1125.4492 570.27643 1125.4492 570.27643 -1.7529
HI N.SSSH 150.4956 1125.4492 506.68988 1125.4492 506.68988 -1.7507
HI N.OSTH 150.5116 1125.2992 424.27585 1125.2992 424.27585 -1.5762
HI N.YMKH 150.5212 1125.5192 506.85403 1125.5192 506.85403 -1.7814
HI N.KWKH 150.5358 1125.5393 488.064 1125.5393 488.064 -1.7791
HI N.ENZH 150.5392 1125.4692 495.56192 1125.4692 495.56192 -1.704
HI N.HBAH 150.5411 1125.5492 287.30331 1125.5492 287.30331 -1.7809
HI N.MTDH 150.5513 1125.3892 727.5918 1125.3892 727.5918 -1.6054
HI N.TKSH 150.5542 1125.5492 237.29276 1125.5492 237.29276 -1.7609
HI N.TU2H 150.5687 1125.4392 404.98276 1125.4392 404.98276 -1.6287
HI N.HKKH 150.5692 1125.6292 417.2085 1125.6292 417.2085 -1.8179
HI N.YM2H 150.5751 1125.5692 756.07733 1125.5692 756.07733 -1.7488
HI N.SNBH 150.5766 1125.4192 674.85492 1125.4192 674.85492 -1.5965
HI N.TRUH 150.5848 1125.4792 188.20135 1125.4792 188.20135 -1.644
HI N.YGDH 150.5891 1125.3693 329.12 1125.3693 329.12 -1.5274
HI N.MMKH 150.6051 1125.6192 457.84705 1125.6192 457.84705 -1.7529
HI N.SDMH 150.6077 1125.6392 636.74762 1125.6392 636.74762 -1.7688
HI N.TR2H 150.621 1125.6292 323.01932 1125.6292 323.01932 -1.7383
HI N.IKSH 150.6225 1125.5092 405.08936 1125.5092 405.08936 -1.6161
HI N.CHHH 150.6236 1125.6193 445.38596 1125.6193 445.38596 -1.7245
HI N.ODWH 150.633 1125.4192 697.09747 1125.4192 697.09747 -1.5101
HI N.OM2H 150.6648 1125.8193 310.47827 1125.8193 310.47827 -1.8613
HI N.MNZH 150.6655 1125.4792 559.90668 1125.4792 559.90668 -1.5204
HI N.OMYH 150.6759 1125.7792 463.06055 1125.7792 463.06055 -1.8042
HI N.MANH 150.6829 1125.6893 543.83734 1125.6893 543.83734 -1.7037
HI N.KF2H 150.69 1125.6992 629.5694 1125.6992 629.5694 -1.7026
HI N.AAKH 150.705 1125.7293 405.67496 1125.7293 405.67496 -1.7097
HI N.AMZH 150.7272 1125.9492 631.27155 1125.9492 631.27155 -1.8956
HI N.MMOH 150.7344 1125.8793 391.47433 1125.8793 391.47433 -1.8146
HI N.ATYH 150.7371 1125.8692 514.9635 1125.8692 514.9635 -1.8003
HI N.SSWH 150.7404 1125.8392 579.06445 1125.8392 579.06445 -1.7654
HI N.OMCH 150.7487 1125.8592 194.23511 1125.9792 196.69746 -1.7727
HI N.FMIH 150.7496 1125.8592 429.04169 1125.8592 429.04169 -1.7711
HI N.MNYH 150.7577 1125.6492 770.44244 1125.6492 770.44244 -1.5487
HI N.HOTH 150.761 1125.9193 312.7934 1125.9193 312.7934 -1.8138
HI N.ITOH 150.7869 1125.6592 755.42584 1125.6592 755.42584 -1.5141
HI N.SSGH 150.7874 1125.9292 585.20972 1125.9292 585.20972 -1.7832
HI N.KKKH 150.7923 1125.8593 424.25446 1125.8593 424.25446 -1.7058
HI N.NRSH 150.793 1125.8992 604.87848 1125.8992 604.87848 -1.7448
HI N.WMZH 150.8056 1126.1692 853.92529 1126.1692 853.92529 -1.9952
HI N.CHNH 150.807 1125.9493 542.84888 1125.9493 542.84888 -1.7734
HI N.AHMH 150.8128 1125.9993 417.78604 1125.9993 417.78604 -1.8145
HI N.KNIH 150.8149 1126.0592 580.87512 1126.1192 591.6925 -1.8711
HI N.HQNH 150.8162 1125.9192 678.97064 1125.9192 678.97064 -1.729
HI N.MSTH 150.8184 1126.0392 344.60394 1126.0392 344.60394 -1.8457
HI N.KHTH 150.8187 1125.6492 436.54712 1126.2492 460.86945 -1.4552
HI N.SSNH 150.8208 1125.7493 932.3197 1125.7493 932.3197 -1.5521
HI N.ITHH 150.8249 1125.7592 677.43182 1125.7592 677.43182 -1.5558
HI N.SOJH 150.8543 1125.9992 641.13843 1125.9992 641.13843 -1.7506
HI N.NMZH 150.8593 1126.1493 699.50531 1126.1493 699.50531 -1.8931
HI N.SUYH 150.8645 1126.0292 660.43872 1126.0292 660.43872 -1.7649
HI N.TONH 150.8663 1126.0592 697.34412 1126.0592 697.34412 -1.7922
HI N.ASYH 150.8787 1125.9292 539.0661 1125.9292 539.0661 -1.6432
HI N.MAZH 150.8961 1126.1093 620.55548 1126.1093 620.55548 -1.7966
HI N.TGIH 150.8971 1126.2293 575.52258 1126.2293 575.52258 -1.9152
HI N.JIZH 150.904 1126.1193 605.61279 1126.1193 605.61279 -1.7946
HI N.SZJH 150.9227 1125.9992 840.37476 1125.9992 840.37476 -1.6458
HI N.TTNH 150.9286 1126.0592 309.1402 1126.0592 309.1402 -1.697
HI N.SMBH 150.9416 1126.0492 475.63474 1126.0492 475.63474 -1.6674
HI N.HSEH 150.9665 1126.1492 459.03323 1126.1492 459.03323 -1.73
HI N.HIMH 150.976 1126.4793 610.16876 1126.4793 610.16876 -2.0458
HI N.HYNH 150.9817 1126.0093 439.24731 1126.0093 439.24731 -1.5671
HI N.HD2H 151.0007 1126.1492 674.19196 1126.1492 674.19196 -1.6787
HI N.SBKH 151.0162 1126.2092 765.80627 1126.2092 765.80627 -1.7153
HI N.MBUH 151.0217 1126.1692 863.81396 1126.1692 863.81396 -1.667
HI N.DMOH 151.0241 1126.0392 579.37769 1126.0392 579.37769 -1.5335
HI N.HYKH 151.0289 1126.1892 707.0351 1126.1892 707.0351 -1.6762
HI N.KTRH 151.0337 1126.1593 395.50867 1126.1593 395.50867 -1.639
HI N.KOKH 151.0408 1126.3693 394.03751 1126.3693 394.03751 -1.8384
HI N.INHH 151.0442 1126.2093 397.20615 1126.2093 397.20615 -1.6733
HI N.YTOH 151.0445 1126.4092 553.22717 1126.4092 553.22717 -1.8727
HI N.NGWH 151.0478 1126.2192 384.8085 1126.2192 384.8085 -1.6777
HI N.KSOH 151.0603 1126.2292 379.73264 1126.2292 379.73264 -1.6691
HI N.KGNH 151.0633 1126.2392 379.54169 1126.2392 379.54169 -1.6744
HI N.NS2H 151.1199 1126.2892 887.61517 1126.2892 887.61517 -1.6393
HI N.MIZH 151.1515 1126.2392 705.03613 1126.2392 705.03613 -1.5418
HI N.SZUH 151.1523 1126.2892 598.06873 1126.2892 598.06873 -1.5906
HI N.TBTH 151.1568 1126.7092 561.14398 1126.7092 561.14398 -2.0037
HI N.IMIH 151.1647 1126.4892 798.48401 1126.4892 798.48401 -1.7719
HI N.KADH 151.1876 1126.3793 310.00009 1126.3793 310.00009 -1.6276
HI N.HTNH 151.1888 1126.3692 610.15466 1126.3692 610.15466 -1.6157
HI N.SONH 151.193 1126.3592 649.12421 1126.3592 649.12421 -1.5993
HI N.SMSH 151.2014 1126.4992 488.26102 1126.4992 488.26102 -1.7267
HI N.AGMH 151.2025 1126.4993 403.44281 1126.4993 403.44281 -1.7251
HI N.TOGH 151.2031 1126.6392 469.57928 1126.6392 469.57928 -1.8641
HI N.MTKH 151.2071 1126.4692 741.95898 1126.4692 741.95898 -1.6882
HI N.SIZH 151.2255 1126.4993 961.104 1126.4993 961.104 -1.6905
HI N.IIDH 151.2295 1126.4892 644.34125 1126.4892 644.34125 -1.6745
HI N.FRKH 151.2335 1126.6592 366.47675 1126.6592 366.47675 -1.8385
HI N.ASNH 151.241 1126.4892 711.27448 1126.4892 711.27448 -1.6571
HI N.ASSH 151.2584 1126.5592 468.23553 1126.5592 468.23553 -1.701
HI N.SOSH 151.2688 1126.4493 654.00891 1126.4493 654.00891 -1.5754
HI N.TKGH 151.2717 1126.5692 414.00946 1126.5692 414.00946 -1.6911
HI N.TMAH 151.2914 1126.5792 537.58337 1126.5792 537.58337 -1.6714
HI N.SUMH 151.3228 1126.5592 682.88452 1126.5592 682.88452 -1.6042
HI N.KMTH 151.348 1126.6893 810.495 1126.6893 810.495 -1.6963
HI N.HKWH 151.3614 1126.6093 800.53491 1126.6093 800.53491 -1.5962
HI N.OKBH 151.3725 1126.5592 423.79797 1126.5592 423.79797 -1.5293
HI N.MSNH 151.3728 1126.6792 771.50189 1126.6792 771.50189 -1.6489
HI N.NGIH 151.3841 1126.6592 247.30762 1126.6592 247.30762 -1.6119
HI N.AC2H 151.3846 1126.8993 273.91653 1126.8993 273.91653 -1.8513
HI N.SRWH 151.3981 1126.9592 494.4747 1126.9592 494.4747 -1.8908
HI N.MS2H 151.4247 1126.7192 685.63232 1126.7192 685.63232 -1.6109
HI N.MSKH 151.4286 1126.7293 1015.0751 1126.7293 1015.0751 -1.6151
HI N.FJEH 151.4287 1127.0392 458.03677 1127.0892 462.81122 -1.9248
HI N.GR2H 151.4863 1126.8992 379.54785 1126.8992 379.54785 -1.6989
HI N.MZEH 151.4868 1127.0392 335.14148 1127.0392 335.14148 -1.8383
HI N.KNEH 151.4945 1126.7392 878.38055 1126.7392 878.38055 -1.5269
HI N.GERH 151.4994 1126.8892 418.19214 1126.8892 418.19214 -1.6697
HI N.SYKH 151.5038 1127.0392 204.93066 1127.0392 204.93066 -1.8131
HI N.OKCH 151.5133 1126.9592 667.88086 1126.9592 667.88086 -1.7192
HI N.HSKH 151.5464 1127.0192 268.15662 1127.0192 268.15662 -1.7304
HI N.HRYH 151.5591 1127.0792 351.85895 1127.0892 351.88989 -1.7717
HI N.NTGH 151.566 1126.9392 318.38242 1126.9392 318.38242 -1.6216
HI N.TYEH 151.5722 1126.9492 623.13855 1126.9492 623.13855 -1.6224
HI N.TT2H 151.6062 1126.9193 685.07593 1126.9193 685.07593 -1.5424
HI N.TSUH 151.6239 1127.0093 529.29321 1127.0093 529.29321 -1.6063
HI N.HMOH 151.6259 1127.0393 8.5402231 1127.0393 8.5402231 -1.6333
HI N.MRIH 151.6305 1126.9093 481.57187 1126.9093 481.57187 -1.4967
HI N.TATH 151.637 1126.9892 580.9646 1126.9892 580.9646 -1.5669
HI N.TNRH 151.6389 1126.9392 553.96851 1126.9392 553.96851 -1.5142
HI N.TOEH 151.6393 1127.0292 847.60181 1127.0292 847.60181 -1.6036
HI N.YMTH 151.6461 1127.2993 352.91318 1127.2993 352.91318 -1.8637
HI N.KAYH 151.6623 1127.2193 300.6756 1127.2193 300.6756 -1.7598
HI N.YOTH 151.6893 1127.2792 262.36371 1127.2792 262.36371 -1.7799
HI N.OHSH 151.6897 1126.9792 474.62308 1126.9792 474.62308 -1.4794
HI N.FKRH 151.6955 1127.3192 490.87131 1127.3192 490.87131 -1.8108
HI N.STRH 151.7138 1127.1592 532.56531 1127.1592 532.56531 -1.6238
HI N.KSHH 151.7302 1127.2092 448.06036 1127.2092 448.06036 -1.6497
HI N.IZUH 151.7374 1127.1392 531.33179 1127.1392 531.33179 -1.569
HI N.HOUH 151.7516 1127.4192 452.82654 1127.4592 456.90286 -1.8281
HI N.MNMH 151.753 1127.2392 502.26349 1127.2392 502.26349 -1.6461
HI N.ASHH 151.7572 1127.2792 520.99969 1127.2792 520.99969 -1.6799
HI N.ITDH 151.8263 1127.4492 413.67651 1127.4492 413.67651 -1.748
HI N.INSH 151.8291 1127.2292 423.60223 1127.2292 423.60223 -1.5239
HI N.EIHH 151.8418 1127.6792 383.77481 1127.6792 383.77481 -1.9553
HI N.ASUH 151.8508 1127.4292 780.90149 1127.4292 780.90149 -1.692
HI N.MKMH 151.8634 1127.4892 585.55933 1127.4892 585.55933 -1.7335
HI N.HMMH 151.8764 1127.6593 476.79691 1127.6593 476.79691 -1.8843
HI N.SSRH 151.9031 1127.4692 662.51172 1127.4692 662.51172 -1.6548
HI N.TDEH 151.9192 1127.3792 698.41919 1127.3792 698.41919 -1.5412
HI N.KGIH 151.9232 1127.5892 596.96515 1127.5892 596.96515 -1.7452
HI N.MKBH 151.945 1127.8092 446.53412 1127.8092 446.53412 -1.9332
HI N.TKTH 151.9622 1127.5292 516.43237 1127.5292 516.43237 -1.6277
HI N.KMHH 151.9694 1127.5792 714.51886 1127.5792 714.51886 -1.6672
HI N.ARIH 151.9824 1127.6193 472.54718 1127.6193 472.54718 -1.6881
HI N.NEOH 151.9913 1127.4092 369.92349 1127.4092 369.92349 -1.465
HI N.THNH 152.0035 1127.6092 508.02948 1127.6092 508.02948 -1.647
HI N.NGKH 152.0063 1127.7092 952.89215 1127.7092 952.89215 -1.7429
HI N.NUKH 152.0114 1127.5592 491.27475 1127.5592 491.27475 -1.5853
HI N.OKZH 152.0232 1127.6293 737.90881 1127.6293 737.90881 -1.6379
HI N.TNMH 152.0637 1127.7993 497.29483 1127.7993 497.29483 -1.7483
HI N.KYSH 152.1094 1127.8892 519.43945 1127.8892 519.43945 -1.7711
HI N.TYHH 152.1097 1127.7692 480.56458 1127.7692 480.56458 -1.6506
HI N.OTAH 152.1247 1128.1192 285.94525 1128.1192 285.94525 -1.9785
HI N.SKUH 152.1339 1127.9692 446.9292 1127.9692 446.9292 -1.8149
HI N.ANJH 152.1589 1127.8992 384.38855 1127.8992 384.38855 -1.708
HI N.HMAH 152.1665 1128.0892 148.24684 1128.0892 148.24684 -1.8868
HI N.HAZH 152.217 1127.9492 463.57013 1127.9492 463.57013 -1.6723
HI N.ABNH 152.2324 1127.9192 598.08783 1127.9192 598.08783 -1.6197
HI N.KSGH 152.2413 1127.8292 443.48871 1127.8292 443.48871 -1.5166
HI N.KIDH 152.2966 1127.9093 597.65009 1127.9093 597.65009 -1.5151
HI N.TRGH 152.3454 1128.1692 578.00787 1128.1692 578.00787 -1.7032
HI N.MCTH 152.3546 1128.1392 955.61761 1128.1392 955.61761 -1.6596
HI N.ATMH 152.3653 1128.1492 506.49057 1128.1492 506.49057 -1.6538
HI N.TAGH 152.4041 1128.4193 483.92377 1128.4193 483.92377 -1.8668
HI N.MIKH 152.4966 1128.4093 618.17676 1128.4093 618.17676 -1.7204
HI N.YOKH 152.5067 1128.4692 888.80487 1128.4692 888.80487 -1.7657
HI N.GNOH 152.6305 1128.5792 1011.5348 1128.5792 1011.5348 -1.6973
HI N.HNOH 152.643 1128.5492 609.36011 1128.5492 609.36011 -1.649
HI N.OBMH 152.6509 1128.5692 447.80502 1128.5692 447.80502 -1.6577
HI N.OTUH 152.703 1128.4793 409.71445 1128.4793 409.71445 -1.4927
HI N.SMAH 152.7317 1128.5393 523.24316 1128.5393 523.24316 -1.5113
HI N.OYMH 152.7555 1128.7092 378.47781 1128.7092 378.47781 -1.647
HI N.MASH 152.7576 1128.5593 484.63181 1128.5593 484.63181 -1.494
HI N.INEH 152.7687 1128.9392 901.26331 1128.9392 901.26331 -1.8579
HI N.TKHH 152.7758 1128.7492 461.79315 1128.7492 461.79315 -1.6577
HI N.URSH 152.8405 1129.0393 4.2424235 1129.0393 4.2424235 -1.8546
HI N.SGRH 152.8583 1128.7792 410.56866 1128.7792 410.56866 -1.5687
HI N.MYMH 152.8835 1128.8393 435.40634 1128.8393 435.40634 -1.5924
HI N.AMNH 152.9208 1129.1492 661.93658 1129.1492 661.93658 -1.8486
HI N.KYTH 152.9442 1129.0793 521.44214 1129.0793 521.44214 -1.745
HI N.NDGH 152.9696 1129.1592 594.37128 1129.1592 594.37128 -1.7882
HI N.YZEH 152.9823 1129.3492 288.47989 1129.3492 288.47989 -1.96
HI N.MGWH 152.9853 1128.9193 477.90219 1128.9193 477.90219 -1.5257
HI N.KMMH 153.0071 1129.3792 309.11462 1129.3792 309.11462 -1.9546
HI N.KMEH 153.071 1129.1192 540.39252 1129.1192 540.39252 -1.6046
HI N.FKCH 153.107 1129.4193 510.20883 1129.4193 510.20883 -1.8537
HI N.KTNH 153.1208 1129.2592 401.4267 1129.2592 401.4267 -1.6743
HI N.HYSH 153.1352 1129.2192 440.47595 1129.2192 440.47595 -1.6138
HI N.TRIH 153.1432 1129.2892 607.76257 1129.2892 607.76257 -1.6725
HI N.IZSH 153.1716 1129.4392 438.83636 1129.4392 438.83636 -1.7825
HI N.SSYH 153.1797 1129.3492 463.47861 1129.3492 463.47861 -1.681
HI N.KSMH 153.1812 1129.5392 366.9169 1129.5392 366.9169 -1.869
HI N.KAWH 153.2361 1129.3593 431.22784 1129.3593 431.22784 -1.6116
HI N.SNTH 153.257 1129.6493 359.49878 1129.6593 359.60184 -1.872
HI N.OSKH 153.2669 1129.6692 126.8272 1129.6692 126.8272 -1.878
HI N.OWSH 153.2734 1129.3292 434.45026 1129.3292 434.45026 -1.5288
HI N.TISH 153.3033 1129.4192 402.3519 1129.4192 402.3519 -1.5767
HI N.MROH 153.3215 1129.6992 573.15381 1129.6992 573.15381 -1.831
HI N.KRTH 153.3327 1129.4792 379.94977 1129.4792 379.94977 -1.5952
HI N.KNHH 153.3827 1129.8092 52.9184 1129.8092 52.9184 -1.8546
HI N.KAMH 153.3887 1129.7892 355.40408 1129.7892 355.40408 -1.826
HI N.IAMH 153.3985 1129.9292 562.32257 1129.9292 562.32257 -1.9523
HI N.TJOH 153.4083 1129.5492 468.28458 1129.5492 468.28458 -1.5584
HI N.TKEH 153.5336 1129.7093 424.14648 1129.7093 424.14648 -1.5415
HI N.HAGH 153.5359 1129.9492 465.92142 1129.9492 465.92142 -1.7783
HI N.NAGH 153.5677 1129.8092 569.0484 1129.8092 569.0484 -1.5935
HI N.KHOH 153.5721 1130.3192 321.90521 1130.3192 321.90521 -2.0971
HI N.YMSH 153.576 1129.9193 334.66232 1129.9193 334.66232 -1.6919
HI N.KWHH 153.6067 1130.2892 539.81342 1130.2892 539.81342 -2.0184
HI N.TJRH 153.6223 1129.7792 288.09274 1129.7792 288.09274 -1.4865
HI N.HNZH 153.6313 1129.8692 273.39218 1129.8692 273.39218 -1.5636
HI N.KKGH 153.6384 1130.0592 409.73499 1130.0592 409.73499 -1.7436
HI N.TKWH 153.6691 1129.9792 448.30276 1129.9792 448.30276 -1.6203
HI N.CHZH 153.689 1129.9893 366.6868 1129.9893 366.6868 -1.6023
HI N.NKOH 153.7 1130.2593 605.03638 1130.2593 605.03638 -1.8568
HI N.SGUH 153.7214 1130.1793 477.62982 1130.1793 477.62982 -1.7467
HI N.OHAH 153.7396 1130.2892 479.84341 1130.2892 479.84341 -1.8308
HI N.NKTH 153.758 1130.1892 317.75705 1130.1892 317.75705 -1.7048
HI N.NKMH 153.7697 1130.1192 469.83542 1130.1192 469.83542 -1.6184
HI N.WKYH 153.8274 1130.3092 933.90234 1130.3092 933.90234 -1.7269
HI N.KSBH 153.8441 1130.3292 305.69772 1130.3292 305.69772 -1.7233
HI N.KMGH 153.8714 1130.4092 389.42813 1130.4092 389.42813 -1.7648
HI N.OTOH 153.8758 1130.6592 380.3028 1130.6592 380.3028 -2.0086
HI N.SYOH 153.8782 1130.4293 494.78217 1130.4293 494.78217 -1.7752
HI N.SKGH 153.8895 1130.5492 305.23935 1130.5492 305.23935 -1.8791
HI N.HRKH 153.9382 1130.3792 432.06885 1130.3792 432.06885 -1.6405
HI N.KTDH 153.9795 1130.4292 1031.9928 1130.4292 1031.9928 -1.6335
HI N.MHRH 153.9953 1130.3992 752.0578 1130.3992 752.0578 -1.5818
HI N.SSMH 153.9957 1130.3692 569.78204 1130.3692 569.78204 -1.5512
HI N.HNSH 154.0207 1130.4292 461.97122 1130.4292 461.97122 -1.5771
HI N.INMH 154.0353 1130.4792 552.39496 1130.4792 552.39496 -1.6068
HI N.MZKH 154.0443 1130.6292 411.39587 1130.6292 411.39587 -1.7446
HI N.YBRH 154.0609 1130.7293 308.66931 1130.7293 308.66931 -1.822
HI N.SETH 154.1282 1130.5592 395.89642 1130.5592 395.89642 -1.5597
HI N.UUMH 154.1745 1130.5592 448.99847 1130.5592 448.99847 -1.4961
HI N.TKBH 154.1758 1131.0292 586.8111 1131.0292 586.8111 -1.9644
HI N.HINH 154.1904 1130.9392 397.30713 1130.9392 397.30713 -1.8545
HI N.KSIH 154.1905 1130.5692 662.77289 1130.5692 662.77289 -1.4842
HI N.HKBH 154.2651 1131.1693 493.2355 1131.1693 493.2355 -1.982
HI N.OKYH 154.276 1130.7592 470.15793 1130.7592 470.15793 -1.5571
HI N.OHCH 154.342 1131.0592 502.27914 1131.0592 502.27914 -1.7666
HI N.TOKH 154.3577 1131.2692 368.31497 1131.2692 368.31497 -1.9551
HI N.NITH 154.3707 1131.0092 417.48013 1131.0092 417.48013 -1.6773
HI N.KACH 154.391 1130.8393 404.62787 1130.8393 404.62787 -1.4795
HI N.TAMH 154.4025 1131.0692 423.47949 1131.0692 423.47949 -1.6937
HI N.MKIH 154.4081 1131.1893 403.74313 1131.1893 403.74313 -1.8061
HI N.TTAH 154.4089 1131.3492 56.398514 1131.3492 56.398514 -1.9649
HI N.MABH 154.4308 1130.9392 434.17065 1130.9392 434.17065 -1.5249
HI N.BSEH 154.5014 1130.9192 366.69946 1130.9192 366.69946 -1.4082
HI N.HWSH 154.5209 1131.4293 329.10449 1131.4293 329.10449 -1.8914
HI N.YSDH 154.5444 1131.2792 292.52167 1131.2792 292.52167 -1.7092
HI N.AYKH 154.5638 1131.4092 336.34885 1131.4092 336.34885 -1.8125
HI N.JNSH 154.6093 1131.6393 624.5213 1131.6393 624.5213 -1.9803
HI N.SADH 154.6169 1131.1592 465.51285 1131.1592 465.51285 -1.4899
HI N.KNBH 154.6495 1131.5792 571.36664 1131.5792 571.36664 -1.8652
HI N.KYDH 154.683 1131.2292 300.7612 1131.2292 300.7612 -1.4692
HI N.KTWH 154.6915 1131.3192 391.9939 1131.3192 391.9939 -1.5476
HI N.KNNH 154.7099 1131.7692 458.80164 1131.7692 458.80164 -1.9724
HI N.MNOH 154.7239 1131.6992 309.84589 1131.6992 309.84589 -1.8832
HI N.IKWH 154.7462 1131.4092 572.573 1131.4092 572.573 -1.5627
HI N.NMKH 154.8141 1131.7392 473.30896 1131.7392 473.30896 -1.7997
HI N.KSAH 154.8195 1131.8593 499.06125 1131.8593 499.06125 -1.9122
HI N.MIGH 154.8412 1131.9192 487.88193 1131.9192 487.88193 -1.9424
HI N.KTGH 154.9122 1131.6292 605.18927 1131.6292 605.18927 -1.5581
HI N.DWAH 154.9308 1132.0492 498.42667 1132.0492 498.42667 -1.9533
HI N.SINH 154.9519 1132.1693 366.45261 1132.1693 366.45261 -2.0454
HI N.GOTH 154.9657 1131.8092 345.56305 1131.8092 345.56305 -1.667
HI N.KHUH 155.0073 1132.1892 598.16925 1132.1892 598.16925 -1.9916
HI N.MIHH 155.0097 1132.1592 472.78589 1132.1592 472.78589 -1.9585
HI N.YSHH 155.0105 1132.0492 493.71683 1132.0492 493.71683 -1.8475
HI N.MURH 155.0548 1132.1493 486.91122 1132.1493 486.91122 -1.8888
HI N.HHIH 155.0858 1132.1792 671.87036 1132.1792 671.87036 -1.8776
HI N.MTYH 155.1062 1132.3292 420.42667 1132.3292 420.42667 -2.0004
HI N.GSIH 155.1078 1131.8492 467.62253 1131.8492 467.62253 -1.5184
HI N.GEIH 155.115 1132.2793 243.4489 1132.2793 243.4489 -1.9388
HI N.MYKH 155.1167 1132.1793 437.46417 1132.1793 437.46417 -1.8366
HI N.HRSH 155.2064 1132.3592 554.31311 1132.3592 554.31311 -1.8974
HI N.GHKH 155.267 1132.4792 405.26892 1132.4792 405.26892 -1.9371
HI N.SJOH 155.2682 1132.4293 418.16992 1132.4293 418.16992 -1.8854
HI N.KURH 155.2935 1132.6292 449.19473 1132.6292 449.19473 -2.0518
HI N.TBRH 155.3134 1132.5192 373.19974 1132.5192 373.19974 -1.9154
HI N.TGUH 155.3253 1132.4592 822.75525 1132.4592 822.75525 -1.8395
HI N.INOH 155.3412 1132.6893 587.94635 1132.6893 587.94635 -2.0485
HI N.HISH 155.3499 1132.6392 689.59857 1132.6392 689.59857 -1.9869
HI N.IKKH 155.4418 1132.6993 407.25827 1132.6993 407.25827 -1.925
HI N.HIKH 155.4493 1132.7092 858.14941 1132.7092 858.14941 -1.9249
HI N.OKMH 155.4863 1132.6392 704.2536 1132.6392 704.2536 -1.806
HI N.SKIH 155.4948 1132.7792 542.40466 1132.7792 542.40466 -1.9346
HI N.KRHH 155.4948 1132.7092 776.83777 1132.7092 776.83777 -1.8646
HI N.SSKH 155.529 1132.9092 588.00586 1132.9092 588.00586 -2.0193
HI N.YNDH 155.6027 1132.9992 469.80197 1132.9992 469.80197 -2.0113
HI N.TMGH 155.6028 1132.6393 503.80368 1132.6393 503.80368 -1.6512
HI N.TBEH 155.6031 1132.9193 460.74026 1132.9193 460.74026 -1.931
HI N.MICH 155.6496 1132.7492 528.81769 1132.7492 528.81769 -1.6991
HI N.IKNH 155.6622 1132.9592 699.98785 1132.9592 699.98785 -1.8923
HI N.TOHH 155.6862 1132.9392 613.92804 1132.9392 613.92804 -1.8406
HI N.MTMH 155.727 1132.9293 510.53961 1132.9293 510.53961 -1.7764
HI N.MKWH 155.7317 1132.9692 465.8634 1132.9692 465.8634 -1.8102
HI N.KWBH 155.7811 1133.1592 8.0629225 1133.1592 8.0629225 -1.9346
HI N.TSYH 155.7954 1133.1992 515.41827 1133.1992 515.41827 -1.9556
HI N.OOZH 155.8147 1133.1292 501.13147 1133.1292 501.13147 -1.8601
HI N.SYTH 155.8152 1133.1492 563.01648 1133.1492 563.01648 -1.8793
HI N.HIYH 155.8663 1133.2892 676.56403 1133.2892 676.56403 -1.9517
HI N.TKJH 155.8985 1133.1992 323.17377 1133.1992 323.17377 -1.8202
HI N.HGIH 155.9324 1133.1592 350.39972 1133.1592 350.39972 -1.7365
HI N.KNSH 155.935 1133.1592 528.84772 1133.1592 528.84772 -1.7333
HI N.NAKH 155.949 1133.3992 555.89166 1133.3992 555.89166 -1.9552
HI N.TKUH 155.9968 1133.3392 396.88089 1133.3392 396.88089 -1.8337
HI N.IKTH 156.0659 1133.4592 704.14722 1133.4592 704.14722 -1.8649
HI N.MTOH 156.0755 1133.2292 277.73294 1133.2292 277.73294 -1.6225
HI N.NGTH 156.0856 1133.3092 318.12143 1133.3092 318.12143 -1.6895
HI N.TSSH 156.1366 1133.5092 543.10217 1133.5092 543.10217 -1.8239
HI N.TSMH 156.2057 1133.6192 624.64874 1133.6192 624.64874 -1.8449
HI N.MISH 156.2498 1133.6092 629.60535 1133.6092 629.60535 -1.7783
HI N.OOTH 156.2592 1133.7092 493.73349 1133.7092 493.73349 -1.8661
HI N.MNEH 156.2747 1133.5392 359.46152 1133.5392 359.46152 -1.6763
HI N.UBEH 156.2762 1133.4992 314.33331 1133.4992 314.33331 -1.6342
HI N.KIKH 156.3233 1133.6592 399.95688 1133.6592 399.95688 -1.7335
HI N.TYUH 156.3738 1133.7693 57.425114 1133.7693 57.425114 -1.7787
HI N.AKIH 156.4303 1133.6492 221.55869 1133.6492 221.55869 -1.586
HI N.KKYH 156.5332 1133.9692 548.20209 1133.9692 548.20209 -1.7736
HI N.YMGH 156.5821 1133.9292 362.8584 1134.1392 514.59454 -1.6707
HI N.BZNH 156.661 1134.2192 523.53131 1134.2192 523.53131 -1.8627
HI N.SIKH 156.7083 1134.3793 540.65698 1134.3793 540.65698 -1.9642
HI N.NTHH 156.7436 1134.2592 353.33975 1134.2592 353.33975 -1.8005
HI N.SGWH 156.8118 1134.3592 419.32858 1134.3592 419.32858 -1.8157
HI N.MIEH 156.834 1134.2992 223.64517 1134.2992 223.64517 -1.7283
HI N.KKEH 156.8409 1134.5092 388.89624 1134.5092 388.89624 -1.9298
HI N.YGNH 156.8508 1134.3492 464.58029 1134.3492 464.58029 -1.7574
HI N.SNIH 156.8731 1134.4892 376.53046 1134.4892 376.53046 -1.8698
HI N.UMEH 156.878 1134.3592 373.21234 1134.3592 373.21234 -1.7338
HI N.WKMH 156.8864 1134.2092 257.99591 1134.2092 257.99591 -1.5732
HI N.KAHH 156.9112 1134.4593 527.2478 1134.4593 527.2478 -1.7926
HI N.KIWH 156.9276 1134.4592 563.06104 1134.4592 563.06104 -1.7723
HI N.TAKH 156.9561 1134.6293 333.70352 1134.6293 333.70352 -1.907
HI N.UMWH 156.9697 1134.4592 244.74802 1134.4592 244.74802 -1.7201
HI N.KIGH 156.9817 1134.5492 519.39844 1134.5492 519.39844 -1.7952
HI N.UMIH 157.0131 1134.4192 249.4724 1134.4192 249.4724 -1.6262
HI N.OGNH 157.0444 1134.6693 406.52029 1134.6693 406.52029 -1.8376
HI N.UKHH 157.0636 1134.6292 486.37134 1134.6292 486.37134 -1.7737
HI N.NMNH 157.0727 1134.7792 343.42288 1134.7792 343.42288 -1.9124
HI N.NOBH 157.1074 1134.7892 395.62302 1134.7892 395.62302 -1.8794
HI N.TARH 157.1083 1134.6592 500.06119 1134.6592 500.06119 -1.7482
HI N.HSFH 157.2394 1134.6792 200.33058 1134.6792 200.33058 -1.6058
HI N.HKSH 157.2459 1134.9792 347.54477 1134.9792 347.54477 -1.8977
HI N.KHKH 157.265 1134.9292 480.69608 1134.9292 480.69608 -1.824
HI N.KKCH 157.2682 1134.8492 443.8916 1134.8492 443.8916 -1.74
HI N.HYGH 157.2697 1134.9692 315.93588 1134.9692 315.93588 -1.8581
HI N.GKSH 157.285 1135.0993 260.25653 1135.0993 260.25653 -1.9693
HI N.FJIH 157.3015 1134.7293 214.20619 1134.7293 214.20619 -1.5788
HI N.MRTH 157.3159 1135.0193 296.85098 1135.0193 296.85098 -1.8509
HI N.TGOH 157.3486 1134.9192 400.81482 1134.9192 400.81482 -1.7103
HI N.YABH 157.4059 1135.1492 403.77649 1135.1492 403.77649 -1.8693
HI N.KWMH 157.4109 1134.9392 340.10895 1134.9392 340.10895 -1.653
HI N.CZEH 157.4165 1135.0393 364.99176 1135.0393 364.99176 -1.7462
HI N.MSIH 157.4203 1135.0192 440.24564 1135.0192 440.24564 -1.7214
HI N.TMNH 157.4305 1135.0692 762.15063 1135.0692 762.15063 -1.7587
HI N.NANH 157.4772 1135.1292 366.02142 1135.1292 366.02142 -1.7609
HI N.SBAH 157.4835 1135.1793 292.25797 1135.1793 292.25797 -1.8032
HI N.SRIH 157.5441 1135.1792 658.70319 1135.1792 658.70319 -1.728
HI N.TYNH 157.5768 1135.2292 466.00699 1135.2292 466.00699 -1.7374
HI N.SDWH 157.5813 1135.1792 715.58215 1135.1792 715.58215 -1.6819
HI N.IZMH 157.5912 1135.2892 290.19128 1135.2892 290.19128 -1.7795
HI N.IMRH 157.6042 1135.2492 468.47388 1135.2492 468.47388 -1.7235
HI N.NRAH 157.6247 1135.1493 286.07635 1135.1493 286.07635 -1.5981
HI N.KTMH 157.6907 1135.2292 727.9986 1135.2292 727.9986 -1.5962
HI N.MSMH 157.6973 1135.3593 549.61871 1135.3593 549.61871 -1.718
HI N.SBNH 157.7073 1135.4192 610.47461 1135.4192 610.47461 -1.7656
HI N.TKKH 157.7251 1135.3792 710.34393 1135.3792 710.34393 -1.7035
HI N.SBSH 157.748 1135.4492 663.46875 1135.4492 663.46875 -1.7452
HI N.UWEH 157.7798 1135.6292 567.14557 1135.6292 567.14557 -1.8857
HI N.SUKH 157.8147 1135.4492 638.271 1135.4492 638.271 -1.6626
HI N.KKIH 157.8802 1135.5492 515.79053 1135.5492 515.79053 -1.6833
HI N.HRDH 157.8868 1135.6192 859.15918 1135.6192 859.15918 -1.7455
HI N.HYOH 157.8934 1135.4792 643.36029 1135.4792 643.36029 -1.5974
HI N.ASKH 157.9256 1135.6493 449.78027 1135.6493 449.78027 -1.7288
HI N.NCNH 157.968 1135.7592 667.37805 1135.7592 667.37805 -1.788
HI N.MJNH 158.0096 1135.5592 532.20593 1135.5592 532.20593 -1.5381
HI N.NGSH 158.0377 1135.7192 416.53876 1135.7192 416.53876 -1.6644
HI N.MMTH 158.1379 1135.8092 967.05396 1135.8092 967.05396 -1.6344
HI N.SNWH 158.1397 1135.7593 549.51538 1135.7593 549.51538 -1.5821
HI N.OSUH 158.1889 1135.7893 699.0307 1135.7893 699.0307 -1.5533
HI N.MYJH 158.2272 1135.8492 464.83258 1135.8492 464.83258 -1.5672
HI N.KDIH 158.2758 1136.1092 707.9364 1136.1092 707.9364 -1.7706
HI N.NSMH 158.2919 1135.9392 548.17676 1135.9392 548.17676 -1.582
HI N.AIRH 158.3149 1136.0092 645.03003 1136.0092 645.03003 -1.6255
HI N.UCNH 158.3414 1136.1593 747.91113 1136.1593 747.91113 -1.7451
HI N.AKNH 158.3571 1136.2792 436.18073 1136.2792 436.18073 -1.8469
HI N.SENH 158.3796 1136.3192 390.99884 1136.3192 390.99884 -1.861
HI N.KYAH 158.3884 1136.0592 702.29083 1136.0592 702.29083 -1.591
HI N.KORH 158.4191 1136.3893 484.22641 1136.3893 484.22641 -1.8856
HI N.CRNH 158.6639 1136.6793 500.21732 1136.6793 500.21732 -1.8936
HI N.YKWH 158.6678 1136.5192 591.24957 1136.5192 591.24957 -1.729
HI N.SATH 158.6987 1136.4692 440.15341 1136.4692 440.15341 -1.6436
