HI N.SYNH 147.2422 1155.4802 966.11847 1155.4802 966.11847 -1.3453
HI N.SYSH 147.4248 1155.8602 1486.4615 1155.8602 1486.4615 -1.4227
HI N.STSH 147.4396 1155.9002 1289.6725 1155.9002 1289.6725 -1.4382
HI N.BKEH 147.4608 1155.9203 1888.7327 1155.9203 1888.7327 -1.4232
HI N.NSTH 147.4938 1155.9602 1063.2682 1155.9602 1063.2682 -1.4085
HI N.HNKH 147.5483 1156.1202 1382.1825 1156.1202 1382.1825 -1.4781
HI N.BKWH 147.6731 1156.3303 1408.9551 1156.3303 1408.9551 -1.4815
HI N.KMZH 147.6813 1156.3702 574.29541 1156.3702 574.29541 -1.5078
HI N.SCNH 147.7887 1156.5003 1339.3386 1156.5003 1339.3386 -1.46
HI N.MMBH 147.8239 1156.6203 1198.3707 1156.6203 1198.3707 -1.5215
HI N.SCSH 147.8316 1156.6303 920.16168 1156.6303 920.16168 -1.5188
HI N.SRMH 147.9001 1156.7502 740.28192 1156.7502 740.28192 -1.5253
HI N.BHRH 147.9193 1156.7802 1162.0139 1156.7802 1162.0139 -1.5236
HI N.TREH 147.9932 1156.8902 910.10284 1156.8902 910.10284 -1.5111
HI N.TRSH 148.0972 1157.1203 518.91473 1157.1203 518.91473 -1.5688
HI N.TRWH 148.1036 1156.6702 380.33173 1156.6702 380.33173 -1.1082
HI N.ANNH 148.1169 1157.1802 411.53958 1157.1802 411.53958 -1.5961
HI N.OPEH 148.1922 1157.4903 348.28986 1157.4903 348.28986 -1.7845
HI N.AYEH 148.262 1157.2902 414.75623 1157.2902 414.75623 -1.4716
HI N.OPWH 148.3051 1157.3102 341.77802 1157.3102 341.77802 -1.422
HI N.HTBH 148.3161 1157.2702 511.37106 1157.2702 511.37106 -1.3642
HI N.RKBH 148.3599 1157.5302 313.81039 1157.5302 313.81039 -1.5534
HI N.OUMH 148.3641 1157.4302 324.84296 1157.4302 324.84296 -1.4467
HI N.SNNH 148.3682 1157.5102 326.36298 1157.5102 326.36298 -1.52
HI N.SFNH 148.376 1157.4402 493.50897 1157.4402 493.50897 -1.4373
HI N.RBSH 148.3766 1157.4702 267.45135 1157.4702 267.45135 -1.4664
HI N.TUNH 148.3905 1157.5503 214.36755 1157.5503 214.36755 -1.524
HI N.OKEH 148.3908 1157.5002 291.86844 1157.5002 291.86844 -1.4735
HI N.UNSH 148.3995 1157.5103 517.11627 1157.5103 517.11627 -1.4694
HI N.TUSH 148.4701 1157.6503 234.47624 1157.6503 234.47624 -1.4954
HI N.BFEH 148.518 1157.7302 331.0224 1157.7302 331.0224 -1.4979
HI N.SWEH 148.5183 1157.7703 166.62233 1157.7703 166.62233 -1.5375
HI N.NTBH 148.5257 1157.6702 424.11801 1157.6702 424.11801 -1.4255
HI N.STKH 148.5549 1157.8102 356.01636 1157.8102 356.01636 -1.5183
HI N.HBTH 148.565 1157.8003 210.80035 1157.8003 210.80035 -1.4922
HI N.HNBH 148.571 1157.7503 1145.2085 1157.7503 1145.2085 -1.4324
HI N.ONPH 148.5951 1157.8203 581.96234 1157.8203 581.96234 -1.4633
HI N.AYWH 148.6148 1157.8703 419.99768 1157.8703 419.99768 -1.4816
HI N.SWWH 148.6165 1157.9103 342.52823 1157.9103 342.52823 -1.5189
HI N.NYRH 148.6796 1157.9503 422.13367 1157.9503 422.13367 -1.4569
HI N.BFWH 148.7424 1158.0203 441.82947 1158.0203 441.82947 -1.4253
HI N.KKAH 148.7536 1158.1102 339.25653 1158.1102 339.25653 -1.4973
HI N.SKNH 148.8966 1158.3002 220.87895 1158.3002 220.87895 -1.4562
HI N.SKSH 148.9912 1158.4002 307.8768 1158.4002 307.8768 -1.4032
HI N.WSMH 148.9931 1158.3703 135.24725 1158.3703 135.24725 -1.3703
HI N.BEEH 149.0319 1158.3402 433.1683 1158.3402 433.1683 -1.2776
HI N.MMRH 149.0338 1158.5303 294.21738 1158.5303 294.21738 -1.4646
HI N.HOSH 149.0784 1158.4902 269.96564 1158.4902 269.96564 -1.3524
HI N.NFRH 149.1392 1158.5802 200.19716 1158.5802 200.19716 -1.3441
HI N.FGNH 149.1474 1158.5903 194.75456 1158.5903 194.75456 -1.341
HI N.SHZH 149.1569 1158.6602 99.469032 1158.6602 99.469032 -1.3954
HI N.BEWH 149.1607 1158.6802 254.63074 1158.6802 254.63074 -1.4094
HI N.TKIH 149.1634 1158.7302 218.50951 1158.7302 218.50951 -1.4551
HI N.SMPH 149.2232 1158.7002 231.1282 1158.7002 231.1282 -1.3284
HI N.FRNH 149.2626 1158.7402 116.18106 1158.7402 116.18106 -1.3046
HI N.FGSH 149.2644 1158.8202 330.14011 1158.8202 330.14011 -1.3819
HI N.NUMH 149.2859 1158.8603 454.20389 1158.8603 454.20389 -1.3871
HI N.NCPH 149.5077 1159.2802 290.24802 1159.2802 290.24802 -1.4538
HI N.MSAH 149.6126 1159.3503 200.60568 1159.3503 200.60568 -1.3589
HI N.MBEH 149.6346 1159.5002 225.81149 1159.5002 225.81149 -1.4742
HI N.HOBH 149.6439 1159.4402 185.31918 1159.4402 185.31918 -1.3996
HI N.YUBH 149.6606 1159.4802 276.4003 1159.4802 276.4003 -1.4132
HI N.TOBH 149.7193 1159.5303 409.37491 1159.5303 409.37491 -1.371
HI N.KYMH 149.7565 1159.6703 298.31601 1159.6703 298.31601 -1.4525
HI N.AGWH 150.3647 1160.6502 231.44026 1160.6502 231.44026 -1.4768
HI N.FBRH 150.4088 1160.6603 196.46294 1160.6603 196.46294 -1.4192
HI N.KMBH 150.4292 1160.6203 150.64981 1160.6203 150.64981 -1.3478
HI N.CCNH 150.4329 1160.6602 204.03534 1160.6602 204.03534 -1.3821
HI N.OHTH 150.4348 1160.6203 198.96848 1160.6203 198.96848 -1.3393
HI N.MRRH 150.5938 1160.8802 181.27733 1160.8802 181.27733 -1.3554
HI N.TURH 150.6913 1161.1103 170.32527 1161.1103 170.32527 -1.4359
HI N.KMNH 150.8217 1161.1603 142.97017 1161.1603 142.97017 -1.2859
HI N.SMMH 150.9396 1161.5802 262.11591 1161.5802 262.11591 -1.5249
HI N.KJNH 151.0781 1161.6502 258.90414 1161.6502 258.90414 -1.3825
HI N.OOMH 151.087 1161.7003 350.32346 1161.7003 350.32346 -1.4189
HI N.KAIH 151.1179 1161.8403 295.40839 1161.8403 295.40839 -1.5117
HI N.SAIH 151.1829 1161.8802 71.698143 1161.8802 71.698143 -1.4518
HI N.KJSH 151.2062 1161.8702 239.62022 1161.8702 239.62022 -1.4062
HI N.TROH 151.2146 1161.9202 205.86516 1161.9202 205.86516 -1.4433
HI N.KRMH 151.2234 1161.9103 220.63832 1161.9103 220.63832 -1.4199
HI N.ASBH 151.2531 1161.9702 160.93073 1161.9702 160.93073 -1.4342
HI N.NWAH 151.3042 1162.0203 414.71503 1162.0203 414.71503 -1.406
HI N.YMDH 151.309 1162.0903 116.37477 1162.0903 116.37477 -1.4686
HI N.IWZH 151.3694 1162.1603 208.78929 1162.1603 208.78929 -1.447
HI N.KHEH 151.3755 1162.1402 214.95018 1162.1402 214.95018 -1.4178
HI N.KZMH 151.382 1162.1703 154.22429 1162.1703 154.22429 -1.4381
HI N.NHEH 151.3946 1162.1702 358.79858 1162.1702 358.79858 -1.419
HI N.KMIH 151.4685 1162.3402 133.5569 1162.3402 133.5569 -1.4779
HI N.KANH 151.474 1162.3203 252.95482 1162.3203 252.95482 -1.4496
HI N.TWWH 151.4777 1162.3502 261.65112 1162.3502 261.65112 -1.4741
HI N.TMYH 151.5471 1162.4202 192.53203 1162.4202 192.53203 -1.4398
HI N.IHEH 151.5677 1162.4302 294.43631 1162.4302 294.43631 -1.4187
HI N.TTKH 151.5932 1162.4703 200.82234 1162.4703 200.82234 -1.4204
HI N.KOSH 151.6397 1162.5102 181.13112 1162.5102 181.13112 -1.3905
HI N.KRIH 151.6874 1162.7902 248.25549 1162.7902 248.25549 -1.5987
HI N.ASRH 151.7058 1162.6703 246.83377 1162.6703 246.83377 -1.451
HI N.RZTH 151.7743 1162.7602 193.07603 1162.7602 193.07603 -1.4379
HI N.TOUH 151.8123 1162.8102 165.62724 1162.8102 165.62724 -1.4308
HI N.SMTH 151.8129 1162.8603 143.63156 1162.8603 143.63156 -1.4799
HI N.OWNH 151.8184 1162.8003 226.60637 1162.8003 226.60637 -1.4117
HI N.YHBH 151.8392 1162.8602 187.3132 1162.8602 187.3132 -1.4404
HI N.KZNH 151.8393 1162.8102 215.23952 1162.8102 215.23952 -1.3902
HI N.AJSH 151.852 1162.8702 610.69452 1162.8702 610.69452 -1.431
HI N.ODTH 151.8865 1162.8702 184.73157 1162.8702 184.73157 -1.3796
HI N.IKIH 151.894 1163.1802 322.1311 1163.1802 322.1311 -1.6787
HI N.SZKH 151.9286 1162.9402 306.79791 1162.9402 306.79791 -1.3876
HI N.FSWH 151.9702 1163.0302 152.22578 1163.0302 152.22578 -1.4163
HI N.HMNH 151.9722 1163.1303 217.34457 1163.1303 217.34457 -1.5135
HI N.NYAH 151.9794 1163.2602 141.50531 1163.2602 141.50531 -1.6328
HI N.TSRH 151.9805 1162.9902 213.84181 1162.9902 213.84181 -1.3612
HI N.HMSH 151.9871 1163.1502 195.77736 1163.1502 195.77736 -1.5116
HI N.TOWH 152.0208 1163.1003 150.77562 1163.1003 150.77562 -1.4119
HI N.FKUH 152.0526 1163.4203 217.00807 1163.4203 217.00807 -1.6851
HI N.NSNH 152.1077 1163.2302 191.22437 1163.2302 191.22437 -1.4137
HI N.FSTH 152.1132 1163.2602 174.32521 1163.2602 174.32521 -1.4356
HI N.ANIH 152.1504 1163.2503 169.69551 1163.2503 169.69551 -1.3709
HI N.NSSH 152.1797 1163.3603 233.01558 1163.3603 233.01558 -1.4378
HI N.IW2H 152.257 1163.5502 99.573311 1163.5502 99.573311 -1.5138
HI N.KWAH 152.2823 1163.4702 142.99997 1163.4702 142.99997 -1.3965
HI N.HNRH 152.294 1163.5802 202.60864 1163.5802 202.60864 -1.4893
HI N.GJOH 152.3073 1163.4803 225.36008 1163.4803 225.36008 -1.3697
HI N.OMRH 152.4441 1163.7602 172.84674 1163.7602 172.84674 -1.4481
HI N.NRKH 152.4707 1163.9202 99.873344 1163.9202 99.873344 -1.5689
HI N.OGCH 152.5298 1163.9602 194.83501 1163.9602 194.83501 -1.5217
HI N.MGMH 152.6003 1164.2102 147.20728 1164.2102 147.20728 -1.668
HI N.CHKH 152.6149 1164.0702 213.20856 1164.0702 213.20856 -1.5065
HI N.FGTH 152.7292 1164.2803 271.72742 1164.2803 271.72742 -1.5481
HI N.KWSH 152.7563 1164.2102 419.3407 1164.2102 419.3407 -1.4381
HI N.SISH 152.8517 1164.2602 192.47128 1164.2602 192.47128 -1.3475
HI N.TDOH 152.8606 1164.3402 179.47398 1164.3402 179.47398 -1.4144
HI N.MKJH 152.9725 1164.4602 131.68295 1164.4602 131.68295 -1.3717
HI N.KMAH 152.9907 1164.5302 145.44243 1164.5302 145.44243 -1.4156
HI N.YGTH 152.9953 1164.5903 348.03229 1164.5903 348.03229 -1.4689
HI N.TCKH 153.0225 1164.6903 164.77861 1164.6903 164.77861 -1.5298
HI N.NKEH 153.0261 1164.7802 146.77032 1164.7802 146.77032 -1.6146
HI N.KMYH 153.0434 1164.6302 152.32121 1164.6302 152.32121 -1.4395
HI N.MRUH 153.1012 1164.6402 157.05492 1164.6402 157.05492 -1.3663
HI N.FKSH 153.1127 1164.5902 190.63513 1164.5902 190.63513 -1.2997
HI N.NYOH 153.1372 1164.7602 116.71893 1164.7602 116.71893 -1.4344
HI N.THTH 153.1735 1164.7602 163.15053 1164.7602 163.15053 -1.3819
HI N.HTAH 153.1803 1164.8002 197.79146 1164.8002 197.79146 -1.4123
HI N.KRYH 153.2352 1164.8403 194.11302 1164.8403 194.11302 -1.3731
HI N.IWWH 153.2512 1164.9102 249.3945 1164.9102 249.3945 -1.4199
HI N.ASAH 153.2666 1165.0002 141.22778 1165.0002 141.22778 -1.4879
HI N.INWH 153.3072 1165.0703 155.46773 1165.0703 155.46773 -1.4993
HI N.YNZH 153.3134 1165.0502 257.80084 1165.0502 257.80084 -1.4704
HI N.NNMH 153.4184 1165.1203 269.59839 1165.1203 269.59839 -1.3901
HI N.ONIH 153.4389 1165.2202 109.22884 1165.2202 109.22884 -1.4609
HI N.HTKH 153.4507 1165.2102 394.17245 1165.2102 394.17245 -1.4345
HI N.ATKH 153.4852 1165.3302 160.71005 1165.3302 160.71005 -1.5057
HI N.DGOH 153.5084 1165.2902 254.48642 1165.2902 254.48642 -1.4331
HI N.YMAH 153.5202 1165.2402 252.29691 1165.2402 252.29691 -1.3663
HI N.NGUH 153.554 1165.3502 330.02325 1165.3502 330.02325 -1.4286
HI N.NAZH 153.5963 1165.3602 123.19606 1165.3602 123.19606 -1.3789
HI N.GZNH 153.6226 1165.4402 239.20718 1165.4402 239.20718 -1.4218
HI N.JHKH 153.6235 1165.4703 219.07918 1165.4703 219.07918 -1.4506
HI N.TSTH 153.6285 1165.4802 206.20505 1165.4802 206.20505 -1.4534
HI N.ATDH 153.6478 1165.4202 220.97661 1165.4202 220.97661 -1.3662
HI N.BTOH 153.6506 1165.4702 284.69855 1165.4702 284.69855 -1.4124
HI N.SMGH 153.6808 1165.4902 199.74747 1165.4902 199.74747 -1.3896
HI N.MOTH 153.6887 1165.5603 255.97548 1165.5603 255.97548 -1.4486
HI N.OTWH 153.7208 1165.5902 527.53357 1165.5902 527.53357 -1.4331
HI N.KGRH 153.7782 1165.6703 244.37869 1165.6703 244.37869 -1.4321
HI N.HSNH 153.7922 1165.7902 175.67909 1165.7902 175.67909 -1.5324
HI N.YSTH 153.8037 1165.6902 239.31607 1165.6902 239.31607 -1.4162
HI N.IWSH 153.8106 1165.7303 334.86484 1165.7303 334.86484 -1.4465
HI N.EDSH 153.8119 1165.6802 157.57593 1165.6802 157.57593 -1.3947
HI N.TWAH 153.8123 1165.7202 173.98622 1165.7202 173.98622 -1.434
HI N.YITH 153.8574 1165.7903 317.57706 1165.7903 317.57706 -1.4404
HI N.TSKH 153.9044 1165.8702 108.89256 1165.8702 108.89256 -1.4541
HI N.MOKH 153.9259 1165.9002 172.55753 1165.9002 172.55753 -1.4536
HI N.KMKH 153.9366 1165.8703 176.29306 1165.8703 176.29306 -1.4086
HI N.UMYH 153.9498 1165.9202 319.61832 1165.9202 319.61832 -1.44
HI N.MRMH 153.9618 1165.9503 154.05692 1165.9503 154.05692 -1.4531
HI N.IICH 153.9651 1165.9503 425.07941 1165.9503 425.07941 -1.4484
HI N.INAH 153.9719 1165.9402 195.00377 1165.9402 195.00377 -1.4287
HI N.KYEH 153.991 1165.9502 280.05792 1165.9502 280.05792 -1.4118
HI N.ISGH 154.0164 1165.9903 172.80627 1165.9903 172.80627 -1.4159
HI N.TDMH 154.0546 1166.0403 140.35712 1166.0403 140.35712 -1.412
HI N.SHMH 154.101 1166.1102 182.15781 1166.1102 182.15781 -1.4165
HI N.KYWH 154.1339 1166.1802 108.75481 1166.1802 108.75481 -1.44
HI N.AWNH 154.1387 1166.1702 326.1525 1166.1702 326.1525 -1.4233
HI N.HMTH 154.1416 1166.1902 146.30894 1166.1902 146.30894 -1.4392
HI N.OHRH 154.1548 1166.2102 285.1705 1166.2102 285.1705 -1.4406
HI N.ASOH 154.2223 1166.2603 277.8934 1166.2603 277.8934 -1.3953
HI N.IWTH 154.2731 1166.3402 134.49968 1166.3402 134.49968 -1.4036
HI N.TBYH 154.3048 1166.4102 160.76259 1166.4102 160.76259 -1.4288
HI N.NGOH 154.3305 1166.3202 279.07175 1166.3202 279.07175 -1.3027
HI N.YNTH 154.345 1166.3403 129.23894 1166.3403 129.23894 -1.3028
HI N.MDRH 154.3795 1166.5002 314.52493 1166.5002 314.52493 -1.4155
HI N.TNEH 154.3839 1166.5002 306.55057 1166.5002 306.55057 -1.4094
HI N.MUIH 154.4041 1166.4902 103.36327 1166.4902 103.36327 -1.3718
HI N.MN2H 154.4302 1166.5502 163.29794 1166.5502 163.29794 -1.396
HI N.SZWH 154.5181 1166.6602 267.44531 1166.6602 267.44531 -1.3855
HI N.KWTH 154.5446 1166.7202 312.5795 1166.7202 312.5795 -1.4093
HI N.ISSH 154.5491 1166.7202 103.5543 1166.7202 103.5543 -1.4031
HI N.HDKH 154.5499 1166.7803 175.9274 1166.7803 175.9274 -1.462
HI N.TAYH 154.6394 1166.8403 368.25696 1166.8403 368.25696 -1.3993
HI N.TOIH 154.64 1166.8402 271.18152 1166.8402 271.18152 -1.3985
HI N.HHNH 154.6472 1166.8802 388.59302 1166.8802 388.59302 -1.4285
HI N.YZWH 154.6549 1166.8702 188.24475 1166.8702 188.24475 -1.4081
HI N.MNAH 154.703 1166.9003 202.74173 1166.9003 202.74173 -1.3721
HI N.KIZH 154.7106 1166.9602 236.73021 1166.9602 236.73021 -1.4218
HI N.HOJH 154.7215 1166.9202 163.55673 1166.9202 163.55673 -1.3667
HI N.NGRH 154.724 1166.9802 241.37711 1166.9802 241.37711 -1.4233
HI N.AKWH 154.7345 1166.9903 273.81952 1166.9903 273.81952 -1.419
HI N.HRNH 154.7403 1166.9403 110.81124 1166.9403 110.81124 -1.3611
HI N.TMOH 154.757 1167.0403 366.5452 1167.0403 366.5452 -1.4381
HI N.HH2H 154.815 1167.0902 202.59332 1167.0902 202.59332 -1.4086
HI N.KNAH 154.8164 1167.0102 163.04344 1167.0102 163.04344 -1.3266
HI N.OGOH 154.8173 1167.1202 274.64792 1167.1202 274.64792 -1.4354
HI N.FJOH 154.8349 1167.1002 218.62465 1167.1002 218.62465 -1.3912
HI N.HHRH 154.8432 1167.2103 124.81364 1167.2103 124.81364 -1.4899
HI N.NZWH 154.8679 1167.1802 162.40266 1167.1802 162.40266 -1.4262
HI N.KRKH 154.9142 1167.2402 9.9998198 1167.2402 9.9998198 -1.4226
HI N.SMNH 154.9197 1167.2103 132.91792 1167.2103 132.91792 -1.3852
HI N.MTDH 154.9332 1167.3002 213.97237 1167.3002 213.97237 -1.4566
HI N.YMKH 154.9413 1167.2802 226.28073 1167.2802 226.28073 -1.4255
HI N.OOKH 154.9564 1167.2802 293.73917 1167.2802 293.73917 -1.4049
HI N.YM2H 154.9788 1167.3203 280.52994 1167.3203 280.52994 -1.4141
HI N.NKNH 154.9829 1167.3103 189.67717 1167.3103 189.67717 -1.3985
HI N.ODWH 154.9889 1167.4202 221.16093 1167.4202 221.16093 -1.5002
HI N.TU2H 155.0041 1167.3902 183.9194 1167.3902 183.9194 -1.4494
HI N.TRUH 155.0237 1167.4503 52.775208 1167.4503 52.775208 -1.4826
HI N.ASGH 155.028 1167.3402 501.09457 1167.3402 501.09457 -1.3667
HI N.ENZH 155.0489 1167.3802 207.88147 1167.3802 207.88147 -1.378
HI N.MYTH 155.0565 1167.3602 128.34642 1167.3602 128.34642 -1.3475
HI N.ITOH 155.0635 1167.5502 314.72031 1167.5502 314.72031 -1.528
HI N.TR2H 155.0667 1167.4402 101.465 1167.4402 101.465 -1.4136
HI N.SAKH 155.0887 1167.4902 154.20206 1167.4902 154.20206 -1.4334
HI N.ITHH 155.1059 1167.5203 346.8212 1167.5203 346.8212 -1.44
HI N.NSHH 155.1184 1167.4802 121.20462 1167.4802 121.20462 -1.3828
HI N.KWKH 155.1268 1167.5603 201.73485 1167.5603 201.73485 -1.4512
HI N.MKGH 155.1414 1167.5502 109.96461 1167.5502 109.96461 -1.4213
HI N.KNIH 155.1428 1167.5402 301.25568 1167.5402 301.25568 -1.4092
HI N.NRYH 155.1643 1167.5902 233.15033 1167.5902 233.15033 -1.4298
HI N.SDMH 155.1743 1167.6102 326.65457 1167.6102 326.65457 -1.4361
HI N.JIZH 155.1872 1167.6202 254.98759 1167.6202 254.98759 -1.4284
HI N.MMKH 155.2071 1167.6403 241.26842 1167.6403 241.26842 -1.4213
HI N.NMZH 155.2211 1167.6602 340.1279 1167.6602 340.1279 -1.4223
HI N.KF2H 155.227 1167.7202 284.24194 1167.7202 284.24194 -1.4743
HI N.SZJH 155.23 1167.6903 407.95676 1167.6903 407.95676 -1.4405
HI N.TKSH 155.2582 1167.6402 89.611458 1167.6402 89.611458 -1.353
HI N.KMDH 155.2624 1167.7003 124.02871 1167.7003 124.02871 -1.4075
HI N.KKKH 155.2734 1167.7103 205.37196 1167.7103 205.37196 -1.4028
HI N.IGWH 155.2889 1167.7702 103.01516 1167.7702 103.01516 -1.4422
HI N.SSSH 155.2913 1167.7502 218.34093 1167.7502 218.34093 -1.419
HI N.OTNH 155.3019 1167.7502 177.09743 1167.7502 177.09743 -1.4049
HI N.HD2H 155.3182 1167.7902 313.81122 1167.7902 313.81122 -1.4232
HI N.OSTH 155.3296 1167.8002 129.72989 1167.8002 129.72989 -1.4183
HI N.NRSH 155.3547 1167.8802 325.20807 1167.8802 325.20807 -1.4648
HI N.FMIH 155.3585 1167.8402 176.21503 1167.8402 176.21503 -1.4198
HI N.SNBH 155.3792 1167.9102 315.50732 1167.9102 315.50732 -1.4623
HI N.MSFH 155.3808 1167.9102 575.49786 1167.9102 575.49786 -1.4603
HI N.CHHH 155.3815 1167.8502 205.24106 1167.8502 205.24106 -1.3993
HI N.HBAH 155.3883 1167.8102 95.01487 1167.8102 95.01487 -1.3502
HI N.MIZH 155.3905 1167.9103 361.07709 1167.9103 361.07709 -1.4474
HI N.NS2H 155.3977 1167.9202 402.77216 1167.9202 402.77216 -1.4478
HI N.IKSH 155.4006 1167.8802 165.29132 1167.8802 165.29132 -1.4039
HI N.HQSH 155.4082 1167.8603 377.80182 1167.8603 377.80182 -1.374
HI N.SMBH 155.4087 1167.9203 228.88596 1167.9203 228.88596 -1.4333
HI N.ASYH 155.4126 1167.9302 200.39575 1167.9302 200.39575 -1.438
HI N.HQNH 155.4139 1167.9102 340.20148 1167.9102 340.20148 -1.4163
HI N.SSWH 155.416 1167.8902 71.349594 1167.8902 71.349594 -1.3935
HI N.SBKH 155.4196 1167.9402 349.61041 1167.9402 349.61041 -1.4387
HI N.MANH 155.4202 1167.9002 304.34909 1167.9002 304.34909 -1.398
HI N.CHNH 155.4372 1167.9802 187.6523 1167.9802 187.6523 -1.4554
HI N.SSGH 155.4414 1167.9703 264.89151 1167.9703 264.89151 -1.4399
HI N.MMOH 155.4618 1167.9902 191.49849 1167.9902 191.49849 -1.4327
HI N.OMYH 155.4671 1168.0102 169.70874 1168.0102 169.70874 -1.4458
HI N.AAKH 155.4677 1168.0002 273.82129 1168.0002 273.82129 -1.4349
HI N.MNYH 155.4685 1167.9402 439.62308 1167.9402 439.62308 -1.3738
HI N.OM2H 155.4769 1167.9302 143.88728 1167.9302 143.88728 -1.3527
HI N.MBUH 155.4788 1168.0103 347.24957 1168.0103 347.24957 -1.4303
HI N.ATYH 155.4814 1167.9903 224.90245 1167.9903 224.90245 -1.4068
HI N.HYNH 155.4972 1168.0503 212.45445 1168.0503 212.45445 -1.4458
HI N.SUYH 155.5163 1168.0802 251.94379 1168.0802 251.94379 -1.4505
HI N.HYKH 155.5163 1168.1002 365.07471 1168.1002 365.07471 -1.4704
HI N.HOTH 155.5378 1168.0802 133.79666 1168.0802 133.79666 -1.4219
HI N.TONH 155.5431 1168.1202 293.73096 1168.1202 293.73096 -1.4548
HI N.SZUH 155.5536 1168.0502 238.90451 1168.0502 238.90451 -1.3709
HI N.SOJH 155.5545 1168.1302 336.478 1168.1302 336.478 -1.4497
HI N.MSTH 155.5603 1168.0803 149.0486 1168.0803 149.0486 -1.392
HI N.OMCH 155.5631 1168.1102 127.2643 1168.1102 127.2643 -1.4182
HI N.HSEH 155.5718 1168.1102 212.05836 1168.1102 212.05836 -1.4067
HI N.AHMH 155.5749 1168.1403 137.30574 1168.1403 137.30574 -1.4326
HI N.TTNH 155.6035 1168.2003 140.72285 1168.2003 140.72285 -1.4547
HI N.MAZH 155.6286 1168.2503 474.36346 1168.2503 474.36346 -1.4714
HI N.SIZH 155.634 1168.2102 359.11133 1168.2102 359.11133 -1.4242
HI N.SOSH 155.649 1168.2303 285.46432 1168.2303 285.46432 -1.4244
HI N.HTNH 155.6583 1168.3102 267.40735 1168.3102 267.40735 -1.4919
HI N.SONH 155.6647 1168.3202 307.75854 1168.3202 307.75854 -1.4934
HI N.KGNH 155.6723 1168.3302 148.72832 1168.3302 148.72832 -1.4933
HI N.INHH 155.6771 1168.2502 182.59837 1168.2502 182.59837 -1.407
HI N.KSOH 155.7435 1168.4002 139.63176 1168.4002 139.63176 -1.4688
HI N.OKBH 155.7488 1168.3502 277.36288 1168.3502 277.36288 -1.4117
HI N.IIDH 155.7587 1168.4502 313.67624 1168.4502 313.67624 -1.4985
HI N.SUMH 155.7692 1168.4402 335.85333 1168.4402 335.85333 -1.4746
HI N.HKWH 155.7873 1168.4603 300.90549 1168.4603 300.90549 -1.4707
HI N.MTKH 155.7922 1168.4403 357.37125 1168.4403 357.37125 -1.4442
HI N.FJEH 155.8007 1168.4002 229.63603 1168.4002 229.63603 -1.3929
HI N.KTRH 155.8151 1168.4802 169.50761 1168.4802 169.50761 -1.4537
HI N.TKGH 155.8323 1168.4702 224.78891 1168.4702 224.78891 -1.4209
HI N.AGMH 155.8489 1168.4902 198.73851 1168.4902 198.73851 -1.4188
HI N.KOKH 155.87 1168.5602 201.895 1168.5602 201.895 -1.4609
HI N.MSNH 155.8739 1168.5903 417.81909 1168.5903 417.81909 -1.4858
HI N.KADH 155.8838 1168.5703 136.7807 1168.5703 136.7807 -1.4526
HI N.KNEH 155.8873 1168.5402 328.19879 1168.5402 328.19879 -1.4179
HI N.MSKH 155.9034 1168.6102 523.48419 1168.6102 523.48419 -1.4665
HI N.MS2H 155.9079 1168.6202 284.59271 1168.6202 284.59271 -1.4706
HI N.AC2H 155.9531 1168.6302 141.03828 1168.6302 141.03828 -1.4205
HI N.HIMH 155.977 1168.6702 198.00708 1168.6702 198.00708 -1.4287
HI N.NGIH 155.9988 1168.6703 129.95807 1168.6703 129.95807 -1.4
HI N.ASSH 156.0006 1168.7403 216.4794 1168.7403 216.4794 -1.4676
HI N.ASNH 156.0063 1168.7602 283.06464 1168.7602 283.06464 -1.4799
HI N.MRIH 156.0186 1168.7402 272.0343 1168.7402 272.0343 -1.4436
HI N.TT2H 156.0441 1168.7802 235.90947 1168.7802 235.90947 -1.4497
HI N.FRKH 156.0523 1168.7703 169.18103 1168.7703 169.18103 -1.429
HI N.TYEH 156.0681 1168.8003 325.41269 1168.8003 325.41269 -1.438
HI N.TATH 156.0792 1168.8302 228.46785 1168.8302 228.46785 -1.4531
HI N.TMAH 156.0811 1168.8202 231.30148 1168.8202 231.30148 -1.4406
HI N.TOGH 156.0876 1168.8403 177.44164 1168.8403 177.44164 -1.4521
HI N.HRYH 156.0984 1168.8102 184.06024 1168.8102 184.06024 -1.4077
HI N.TOEH 156.1099 1168.8603 433.95773 1168.8603 433.95773 -1.4424
HI N.TBTH 156.1408 1168.9102 257.92377 1168.9102 257.92377 -1.4515
HI N.NTGH 156.1608 1168.8903 156.16739 1168.8903 156.16739 -1.4049
HI N.GERH 156.1819 1168.9203 187.12202 1168.9203 187.12202 -1.407
HI N.GR2H 156.1915 1168.9302 159.31903 1168.9302 159.31903 -1.4041
HI N.HSKH 156.2048 1169.0202 140.26703 1169.0202 140.26703 -1.4765
HI N.HOUH 156.2131 1168.9402 182.55904 1168.9402 182.55904 -1.3855
HI N.STRH 156.2251 1169.0402 262.82144 1169.0402 262.82144 -1.4698
HI N.INSH 156.2438 1169.0203 221.76704 1169.0203 221.76704 -1.4258
HI N.SRWH 156.2609 1169.0703 261.59793 1169.0703 261.59793 -1.4538
HI N.KSHH 156.2838 1169.1303 175.63583 1169.1303 175.63583 -1.4843
HI N.ASHH 156.3007 1169.1303 300.77194 1169.1303 300.77194 -1.4626
HI N.YOTH 156.3185 1169.1902 131.94907 1169.1902 131.94907 -1.4995
HI N.KAYH 156.3536 1169.1502 156.20169 1169.1502 156.20169 -1.4145
HI N.SSRH 156.3548 1169.1703 306.23297 1169.1703 306.23297 -1.433
HI N.ASUH 156.3822 1169.2302 398.91763 1169.2302 398.91763 -1.4576
HI N.TDEH 156.3937 1169.2203 373.43289 1169.2203 373.43289 -1.4328
HI N.YMTH 156.395 1169.2002 226.83879 1169.2002 226.83879 -1.4111
HI N.TSUH 156.4126 1169.2703 228.67651 1169.2703 228.67651 -1.4585
HI N.THNH 156.4321 1169.2202 298.11411 1169.2202 298.11411 -1.3834
HI N.MNMH 156.4616 1169.2802 293.75705 1169.2802 293.75705 -1.4055
HI N.NUKH 156.4912 1169.3302 254.99028 1169.3302 254.99028 -1.4174
HI N.MKMH 156.514 1169.3802 323.49951 1169.3802 323.49951 -1.4381
HI N.OKZH 156.522 1169.3702 371.27448 1169.3702 371.27448 -1.4178
HI N.KGIH 156.5307 1169.4202 329.54187 1169.4202 329.54187 -1.4565
HI N.ITDH 156.5708 1169.4403 252.638 1169.4403 252.638 -1.425
HI N.NGKH 156.5844 1169.4803 511.99542 1169.4803 511.99542 -1.4476
HI N.KMHH 156.6257 1169.5602 341.31357 1169.5602 341.31357 -1.4743
HI N.TKTH 156.6516 1169.5902 295.5784 1169.5902 295.5784 -1.471
HI N.HAZH 156.687 1169.5502 269.15231 1169.5502 269.15231 -1.3854
HI N.TNMH 156.7802 1169.7402 285.02429 1169.7402 285.02429 -1.4556
HI N.ATMH 156.7984 1169.7303 223.27908 1169.7303 223.27908 -1.4222
HI N.SKUH 156.8958 1169.8902 186.34444 1169.8902 186.34444 -1.4567
HI N.KSGH 156.9547 1169.9302 222.24583 1169.9302 222.24583 -1.4221
HI N.TRGH 157.1655 1170.1902 232.03453 1170.1902 232.03453 -1.4208
HI N.MASH 157.2389 1170.2802 380.03976 1170.2802 380.03976 -1.4197
HI N.WATH 157.2436 1170.3202 356.10172 1170.3202 356.10172 -1.4539
HI N.HNOH 157.2643 1170.3202 468.55991 1170.3202 468.55991 -1.4282
HI N.MIKH 157.3181 1170.4102 365.63071 1170.4102 365.63071 -1.4516
HI N.OYMH 157.3232 1170.4102 249.88583 1170.4102 249.88583 -1.4452
HI N.URSH 157.3401 1170.4202 240.87814 1170.4202 240.87814 -1.4344
HI N.MGWH 157.4402 1170.5303 345.34467 1170.5303 345.34467 -1.4203
HI N.OTUH 157.4477 1170.5403 247.21629 1170.5403 247.21629 -1.421
HI N.OBMH 157.4662 1170.6203 254.222 1170.6203 254.222 -1.478
HI N.SGRH 157.481 1170.6002 259.30142 1170.6002 259.30142 -1.4396
HI N.YZEH 157.5477 1170.6803 205.70412 1170.6803 205.70412 -1.4371
HI N.HYSH 157.6464 1170.7802 269.63931 1170.7802 269.63931 -1.4146
HI N.KYTH 157.6465 1170.8002 294.1875 1170.8002 294.1875 -1.4344
HI N.OWSH 157.6704 1170.8502 322.91006 1170.8502 322.91006 -1.4549
HI N.MYMH 157.6753 1170.8802 246.20998 1170.8802 246.20998 -1.4788
HI N.INEH 157.7099 1170.8802 578.65613 1170.8802 578.65613 -1.4359
HI N.KAWH 157.716 1170.8802 287.33829 1170.8802 287.33829 -1.4283
HI N.TRIH 157.7196 1170.8903 402.79675 1170.8903 402.79675 -1.4339
HI N.KTNH 157.7633 1170.9303 197.17773 1170.9303 197.17773 -1.4197
HI N.KMEH 157.8158 1171.0503 329.33139 1171.0503 329.33139 -1.4746
HI N.KRTH 157.838 1171.0603 240.12894 1171.0603 240.12894 -1.4571
HI N.NDGH 157.8825 1171.1003 260.36404 1171.1003 260.36404 -1.442
HI N.TISH 157.8897 1171.1802 150.48335 1171.1802 150.48335 -1.513
HI N.OSKH 157.9221 1171.0803 95.998207 1171.0803 95.998207 -1.3729
HI N.SSYH 157.9581 1171.1903 282.25922 1171.1903 282.25922 -1.4382
HI N.FKCH 157.9664 1171.1602 185.55389 1171.1602 185.55389 -1.3979
HI N.KNHH 158.0417 1171.2703 230.35832 1171.2703 230.35832 -1.4146
HI N.NKTH 158.0702 1171.2802 296.14197 1171.2802 296.14197 -1.3891
HI N.IZSH 158.1042 1171.3503 224.54651 1171.3503 224.54651 -1.4171
HI N.SNTH 158.1424 1171.4103 222.95311 1171.4103 222.95311 -1.4297
HI N.TJOH 158.1723 1171.4702 272.29602 1171.4702 272.29602 -1.453
HI N.KSMH 158.1823 1171.4502 173.61646 1171.4502 173.61646 -1.4209
HI N.KAMH 158.2266 1171.5102 241.48643 1171.5102 241.48643 -1.4278
HI N.OTOH 158.2476 1171.5103 316.02991 1171.5103 316.02991 -1.4027
HI N.MROH 158.2943 1171.5802 271.97015 1171.5802 271.97015 -1.4168
HI N.KTDH 158.3707 1171.6302 566.17761 1171.6302 566.17761 -1.3751
HI N.KKGH 158.4172 1171.7603 292.9393 1171.7603 292.9393 -1.4495
HI N.YMSH 158.4292 1171.7903 180.37654 1171.7903 180.37654 -1.4651
HI N.IAMH 158.4323 1171.7703 317.22269 1171.7703 317.22269 -1.4413
HI N.HAGH 158.4569 1171.7502 210.22139 1171.7502 210.22139 -1.3918
HI N.INMH 158.494 1171.8302 380.52222 1171.8302 380.52222 -1.4273
HI N.SGUH 158.567 1171.9203 314.44363 1171.9203 314.44363 -1.4299
HI N.NKOH 158.5969 1171.9403 300.7175 1171.9403 300.7175 -1.4154
HI N.KWHH 158.6174 1171.9902 366.23651 1171.9902 366.23651 -1.4417
HI N.OHAH 158.6598 1172.0403 244.62402 1172.0403 244.62402 -1.4431
HI N.CHZH 158.6639 1172.0202 219.19247 1172.0202 219.19247 -1.4183
HI N.AIOH 158.6723 1172.0202 300.83405 1172.0202 300.83405 -1.4085
HI N.KMGH 158.7395 1172.1403 212.02136 1172.1403 212.02136 -1.4513
HI N.SYOH 158.8209 1172.2203 240.73804 1172.2203 240.73804 -1.4374
HI N.HNSH 158.8526 1172.2602 323.48523 1172.2602 323.48523 -1.4409
HI N.KSBH 158.8667 1172.2602 147.09142 1172.2602 147.09142 -1.4246
HI N.SKGH 158.9585 1172.3903 212.10075 1172.3903 212.10075 -1.449
HI N.SETH 158.9953 1172.4202 272.93976 1172.4202 272.93976 -1.4365
HI N.OHCH 159.0379 1172.4603 311.35458 1172.4603 311.35458 -1.4276
HI N.HWSH 159.0664 1172.5502 369.29602 1172.5502 369.29602 -1.4847
HI N.TKBH 159.1051 1172.5703 315.92044 1172.5703 315.92044 -1.46
HI N.MKIH 159.1382 1172.5703 183.27312 1172.5703 183.27312 -1.4219
HI N.MZKH 159.1489 1172.5302 167.74203 1172.5302 167.74203 -1.3696
HI N.TAMH 159.233 1172.7002 195.09251 1172.7002 195.09251 -1.4428
HI N.HKBH 159.2461 1172.6902 397.18387 1172.6902 397.18387 -1.4176
HI N.HINH 159.2795 1172.7202 231.96684 1172.7202 231.96684 -1.4092
HI N.SADH 159.2858 1172.8202 295.74466 1172.8202 295.74466 -1.502
HI N.TTAH 159.4156 1172.9103 852.94574 1172.9103 852.94574 -1.4425
HI N.BSEH 159.4296 1172.8903 244.15102 1172.8903 244.15102 -1.4064
HI N.IKWH 159.4413 1173.0102 411.6474 1173.0102 411.6474 -1.5129
HI N.KACH 159.5821 1173.1003 451.25574 1173.1003 451.25574 -1.4407
HI N.HIRH 159.612 1173.1302 562.78473 1173.1302 562.78473 -1.4362
HI N.KHUH 159.6237 1173.2302 417.31015 1173.2302 417.31015 -1.5228
HI N.JNSH 159.6298 1173.1003 432.28729 1173.1003 432.28729 -1.3858
HI N.GSIH 159.6844 1173.2803 595.33453 1173.2803 595.33453 -1.5028
HI N.SDAH 159.7653 1173.3003 337.27472 1173.3003 337.27472 -1.4297
HI N.MTYH 159.7818 1173.4602 400.36011 1173.4602 400.36011 -1.5707
HI N.MIGH 159.7881 1173.2802 290.44385 1173.2802 290.44385 -1.3834
HI N.KSAH 159.8423 1173.3302 265.68747 1173.3302 265.68747 -1.371
HI N.DWAH 159.9148 1173.4403 366.76794 1173.4403 366.76794 -1.3975
HI N.GHKH 159.962 1173.5702 169.63196 1173.5702 169.63196 -1.4732
HI N.YSHH 160.0677 1173.6203 409.90341 1173.6203 409.90341 -1.4026
HI N.HHIH 160.0705 1173.6102 319.3761 1173.6102 319.3761 -1.3895
HI N.IWAH 160.1467 1173.7102 205.57549 1173.7102 205.57549 -1.4051
HI N.GEIH 160.2395 1173.8402 265.91037 1173.8402 265.91037 -1.4358
HI N.KURH 160.2578 1173.8203 256.63492 1173.8203 256.63492 -1.3963
HI N.HRSH 160.2805 1173.8703 382.23944 1173.8703 382.23944 -1.422
HI N.HISH 160.3866 1174.0002 533.25256 1174.0002 533.25256 -1.4386
HI N.TGUH 160.4286 1174.0403 594.68152 1174.0403 594.68152 -1.4337
HI N.SKIH 160.5637 1174.2203 365.28629 1174.2203 365.28629 -1.4694
HI N.HIKH 160.5886 1174.2303 603.02869 1174.2303 603.02869 -1.4527
HI N.UWAH 160.7306 1174.3903 445.68939 1174.3903 445.68939 -1.4609
HI N.TSMH 160.8437 1174.4803 467.35107 1174.4803 467.35107 -1.4301
HI N.KNSH 160.8623 1174.5702 474.19571 1174.5702 474.19571 -1.5
HI N.SIKH 161.4221 1175.1002 488.80798 1175.1002 488.80798 -1.4317
HI N.YMGH 161.5193 1175.1702 529.2157 1175.1702 529.2157 -1.3977
HI N.KIGH 161.6595 1175.3902 438.51193 1175.3902 438.51193 -1.468
HI N.KKYH 161.6669 1175.2903 382.54477 1175.2903 382.54477 -1.36
HI N.KIWH 161.9741 1175.7002 357.38535 1175.7002 357.38535 -1.4634
HI N.NANH 162.1219 1175.8303 250.20091 1175.8303 250.20091 -1.4459
HI N.NRAH 162.2369 1175.8802 203.85075 1175.8802 203.85075 -1.381
HI N.MSIH 162.2783 1175.9502 167.28487 1175.9502 167.28487 -1.4097
HI N.IZMH 162.3433 1176.0203 176.18405 1176.0203 176.18405 -1.4149
HI N.TMNH 162.3905 1176.0103 630.28076 1176.0103 630.28076 -1.3578
HI N.SUKH 162.4019 1176.0902 375.47714 1176.0902 375.47714 -1.4264
HI N.MJSH 162.5078 1176.2003 358.01801 1176.2003 358.01801 -1.4307
HI N.HYOH 162.5894 1176.2503 286.05334 1176.2503 286.05334 -1.3993
HI N.MMTH 162.8916 1176.5602 687.59961 1176.5602 687.59961 -1.4101
HI N.MYJH 162.9077 1176.5103 276.41794 1176.5103 276.41794 -1.3448
HI N.KDIH 162.9117 1176.5903 372.00293 1176.5903 372.00293 -1.4211
HI N.KORH 163.0075 1176.5902 27.259899 1176.5902 27.259899 -1.3306
