HI N.SYNH 145.0968 1164.7 2047.6094 1164.7 2047.6094 -1.7905
HI N.STNH 145.2039 1164.93 2635.9292 1164.93 2635.9292 -1.8371
HI N.BKWH 145.5263 1165.4699 3204.2166 1165.4699 3204.2166 -1.8252
HI N.KMZH 145.5359 1165.5 1204.8438 1165.5 1204.8438 -1.8389
HI N.SCNH 145.642 1165.67 2307.7454 1165.67 2307.7454 -1.8272
HI N.SRMH 145.756 1165.93 1162.8265 1165.93 1162.8265 -1.8922
HI N.ANSH 146.0936 1166.44 1262.5555 1166.44 1262.5555 -1.8241
HI N.AYEH 146.1159 1166.4699 1049.4294 1166.4699 1049.4294 -1.816
HI N.RKBH 146.2142 1166.43 534.99628 1166.43 534.99628 -1.6097
HI N.SNNH 146.2217 1166.53 513.33105 1166.53 513.33105 -1.6971
HI N.RBSH 146.232 1166.55 994.78711 1166.55 994.78711 -1.6996
HI N.OKEH 146.2458 1166.55 693.82739 1166.55 693.82739 -1.6764
HI N.TUNH 146.2482 1166.92 547.64264 1166.92 547.64264 -2.0424
HI N.UNSH 146.2609 1166.67 733.63922 1166.67 733.63922 -1.771
HI N.TUSH 146.3276 1167.24 443.54269 1167.24 443.54269 -2.2282
HI N.SWEH 146.3772 1167.28 408.31372 1167.28 408.31372 -2.1843
HI N.BFEH 146.3784 1167.22 525.98901 1167.22 525.98901 -2.1222
HI N.NTBH 146.3891 1167.32 472.41971 1167.32 472.41971 -2.2041
HI N.HNBH 146.4353 1166.89 1299.4388 1166.89 1299.4388 -1.6962
HI N.WNEH 146.4399 1166.87 1027.6965 1166.87 1027.6965 -1.6684
HI N.ONPH 146.4575 1167.41 800.34796 1167.41 800.34796 -2.1786
HI N.AYWH 146.4689 1166.86 705.93323 1166.86 705.93323 -1.6093
HI N.SWWH 146.4755 1166.8899 420.11636 1166.8899 420.11636 -1.6282
HI N.BFNH 146.5198 1167.09 783.11609 1167.09 783.11609 -1.7534
HI N.BFWH 146.6031 1167.19 1090.3341 1167.19 1090.3341 -1.7131
HI N.KKAH 146.6104 1167.1701 557.58472 1167.1701 557.58472 -1.6808
HI N.TYRH 146.6254 1167.18 902.11926 1167.18 902.11926 -1.6655
HI N.NAWH 146.6389 1167.26 1026.2476 1167.26 1026.2476 -1.7229
HI N.SKNH 146.7514 1167.4 297.56299 1167.4 297.56299 -1.6738
HI N.SKSH 146.8456 1167.6099 813.23468 1167.6099 813.23468 -1.7257
HI N.WSMH 146.8513 1167.71 293.7543 1167.71 293.7543 -1.8163
HI N.HOCH 146.8677 1167.72 381.87021 1167.72 381.87021 -1.7991
HI N.MMRH 146.8873 1167.64 463.78479 1167.64 463.78479 -1.6867
HI N.BEEH 146.8877 1167.73 1433.6716 1167.73 1433.6716 -1.776
HI N.HOSH 146.937 1167.8401 838.50464 1167.8401 838.50464 -1.8043
HI N.OREH 146.988 1167.95 729.65228 1167.95 729.65228 -1.8298
HI N.NFRH 146.9947 1167.9499 677.89471 1167.9499 677.89471 -1.8186
HI N.FGNH 147.0052 1166.16 229.8784 1166.16 229.8784 -0.011424
HI N.SHZH 147.0106 1166.17 106.6581 1166.17 106.6581 -0.012429
HI N.TKIH 147.0162 1166.37 208.5243 1166.37 208.5243 -0.20315
HI N.BEWH 147.0168 1166.17 235.8329 1166.17 235.8329 -0.0019949
HI N.SMPH 147.0775 1166.2101 290.6893 1166.2101 290.6893 0.058381
HI N.FRNH 147.1183 1166.26 106.7145 1166.26 106.7145 0.076218
HI N.FGSH 147.1218 1166.29 423.0787 1166.29 423.0787 0.051843
HI N.NUMH 147.1441 1166.36 245.7429 1166.36 245.7429 0.018747
HI N.BREH 147.3997 1168.78 256.3753 1168.78 256.3753 -1.9776
HI N.HOBH 147.4983 1168.74 268.4021 1168.74 268.4021 -1.7743
HI N.BRWH 147.5148 1168.8401 203.6236 1168.8401 203.6236 -1.847
HI N.YUBH 147.5156 1168.75 340.4163 1168.75 340.4163 -1.7557
HI N.KYMH 147.6119 1168.89 335.2921 1168.89 335.2921 -1.7362
HI N.OIWH 147.6953 1168.95 137.9199 1168.95 137.9199 -1.658
HI N.AGWH 148.2218 1169.9999 317.74911 1172.8399 802.66028 -1.8356
HI N.FBRH 148.2669 1170.07 193.09865 1173.02 709.09985 -1.8321
HI N.KMBH 148.2849 1170.11 199.91351 1172.81 408.97397 -1.8431
HI N.CCNH 148.2895 1170.09 257.01395 1173.02 755.05267 -1.8157
HI N.OHTH 148.2899 1170.0699 308.93817 1172.9099 750.21155 -1.7949
HI N.MKRH 148.394 1170.2301 275.08029 1173.2501 717.62585 -1.7868
HI N.KYOH 148.4021 1170.24 35.11322 1173.21 85.050461 -1.7838
HI N.TOMH 148.4372 1170.17 253.31573 1173.2 826.86993 -1.6569
HI N.MRRH 148.4482 1170.4499 334.1044 1173.6299 922.65051 -1.9192
HI N.TURH 148.5469 1170.5601 296.49146 1173.7001 724.39276 -1.8697
HI N.RNKH 148.5644 1170.46 261.85596 1173.75 761.01788 -1.7414
HI N.KMNH 148.6775 1170.6901 324.16296 1174.0901 1116.6986 -1.7887
HI N.SMMH 148.7967 1170.91 339.37543 1174.32 911.7887 -1.816
HI N.RKSH 148.8972 1171.19 426.30859 1174.51 810.03729 -1.9337
HI N.KJNH 148.9315 1171.19 266.586 1174.67 524.9353 -1.8783
HI N.OOMH 148.9398 1171.23 541.47931 1174.55 1204.4762 -1.905
HI N.KUCH 149.029 1171.4699 344.16791 1174.7999 1212.1161 -2.0007
HI N.KJSH 149.0598 1171.35 230.2668 1174.9 456.06604 -1.8309
HI N.KHYH 149.0687 1171.39 189.13188 1174.94 435.29834 -1.8565
HI N.TROH 149.0695 1171.37 208.76146 1175.2 493.00085 -1.8353
HI N.KRMH 149.0766 1171.41 277.59564 1174.98 580.52539 -1.8638
HI N.ASBH 149.1072 1171.38 216.38638 1174.98 623.13684 -1.7843
HI N.NWAH 149.1569 1171.56 411.68903 1175.15 1080.2599 -1.8841
HI N.YMDH 149.1649 1171.53 190.09302 1175.2 354.43683 -1.8412
HI N.IWZH 149.2238 1171.62 209.5062 1175.32 499.34448 -1.8361
HI N.KUMH 149.227 1171.68 254.89038 1175.52 656.59979 -1.8907
HI N.KHEH 149.2288 1171.65 274.49606 1175.35 513.3645 -1.8579
HI N.KZMH 149.2359 1171.63 155.25397 1175.25 317.58755 -1.8264
HI N.NHEH 149.2477 1171.68 220.78526 1175.36 799.38989 -1.8574
HI N.SHGH 149.3178 1171.79 555.61487 1175.61 1598.7855 -1.8541
HI N.KMIH 149.325 1171.81 241.55139 1175.62 483.93665 -1.8624
HI N.KANH 149.3289 1171.84 206.59448 1175.67 583.52167 -1.8862
HI N.TWWH 149.3302 1171.82 299.59592 1175.58 926.62158 -1.864
HI N.KASH 149.3494 1171.85 186.34921 1175.79 419.85922 -1.8631
HI N.NHWH 149.3549 1171.87 405.5744 1175.76 1272.8979 -1.874
HI N.TMYH 149.4011 1172.01 198.01286 1175.79 488.41284 -1.9395
HI N.IHEH 149.4209 1171.9899 335.0358 1175.8299 869.86407 -1.8874
HI N.TTKH 149.446 1172.01 253.11328 1175.86 798.3703 -1.8669
HI N.KOSH 149.4922 1172.1699 212.29951 1176.0299 936.73053 -1.9522
HI N.KRIH 149.5398 1172.17 221.50842 1175.8 1080.853 -1.8771
HI N.ASRH 149.5588 1172.22 286.74744 1176.17 904.53223 -1.897
HI N.KKWH 149.6013 1172.18 135.46553 1176.19 452.55582 -1.7903
HI N.RZTH 149.6315 1172.29 169.42723 1176.31 651.75543 -1.8526
HI N.TOUH 149.6679 1172.34 158.07576 1176.39 426.34204 -1.8455
HI N.SMTH 149.6692 1172.41 164.72209 1176.51 610.33746 -1.9133
HI N.OWNH 149.6708 1172.4099 269.93237 1176.2899 817.51062 -1.9108
HI N.KZNH 149.6924 1172.4101 241.11574 1176.4501 687.79694 -1.877
HI N.YHBH 149.6935 1172.41 322.07947 1176.54 806.85901 -1.8751
HI N.ODTH 149.7391 1172.55 215.45226 1176.55 891.36298 -1.9434
HI N.IKIH 149.7464 1172.57 388.59348 1176.77 613.64069 -1.952
HI N.SZKH 149.7827 1172.65 331.65268 1176.92 985.24384 -1.9747
HI N.HMNH 149.8269 1172.6699 294.66763 1176.8899 803.74231 -1.9252
HI N.FSWH 149.8279 1172.61 190.44652 1176.86 540.28271 -1.8637
HI N.NYAH 149.8317 1172.62 226.87083 1176.73 522.31525 -1.8677
HI N.TSRH 149.833 1172.62 264.80527 1176.89 793.90942 -1.8656
HI N.HMSH 149.8422 1172.77 125.48413 1176.87 665.7821 -2.0011
HI N.MSRH 149.8483 1172.6 199.83643 1176.89 767.59882 -1.8217
HI N.TOWH 149.8788 1172.72 296.04883 1176.95 786.05054 -1.8936
HI N.NSNH 149.961 1172.85 220.75955 1177.11 956.47443 -1.8942
HI N.FSTH 149.9656 1172.85 241.62288 1177.06 671.86786 -1.887
HI N.KAKH 149.9763 1172.83 134.10149 1177.09 542.47772 -1.8502
HI N.ANIH 150.0033 1172.9 224.74533 1177.18 755.72583 -1.8777
HI N.ICEH 150.0332 1172.97 307.88235 1177.36 1135.3015 -1.9007
HI N.NSSH 150.0334 1172.95 240.5558 1177.3 1013.5261 -1.8804
HI N.NSEH 150.0529 1173.01 306.55042 1177.41 1222.9424 -1.9097
HI N.IW2H 150.1132 1173.07 148.67973 1177.46 584.48242 -1.8748
HI N.KWAH 150.1358 1173.07 175.66466 1177.51 660.74243 -1.8393
HI N.TAJH 150.1403 1173.1 152.37946 1177.68 958.32959 -1.8622
HI N.HNRH 150.1494 1173.1901 222.72652 1177.6701 1117.8885 -1.938
HI N.GJOH 150.1602 1173.1601 193.04219 1177.8601 684.23584 -1.8909
HI N.NSBH 150.241 1173.25 269.97058 1177.64 624.49963 -1.8538
HI N.OMRH 150.2984 1173.27 193.02763 1177.81 819.44427 -1.7834
HI N.YUZH 150.3113 1173.4099 139.34628 1177.9199 691.14581 -1.903
HI N.RIFH 150.3253 1173.49 100.65434 1178.15 384.61008 -1.9611
HI N.NRKH 150.3273 1173.48 138.81009 1178.14 495.56058 -1.948
HI N.ONDH 150.3525 1173.48 304.83856 1178.22 960.92902 -1.9082
HI N.OGCH 150.3856 1173.54 215.19768 1178.23 835.3642 -1.9162
HI N.MGMH 150.4572 1173.65 251.04007 1178.52 1074.9227 -1.914
HI N.CHKH 150.4701 1173.64 193.18112 1178.43 761.86829 -1.8843
HI N.IWNH 150.4966 1173.8299 115.36431 1178.4899 732.53961 -2.0336
HI N.YJMH 150.5369 1173.72 370.61908 1178.79 1066.0343 -1.8617
HI N.FGTH 150.586 1173.85 281.52423 1178.83 971.90173 -1.9165
HI N.KWSH 150.6164 1173.89 330.74695 1178.89 1612.4822 -1.9098
HI N.TZWH 150.7081 1174.07 244.97458 1179.24 756.46881 -1.9492
HI N.SISH 150.7128 1174.1899 188.6465 1179.1599 1208.3807 -2.0619
HI N.TDOH 150.719 1174.16 141.74638 1179.15 1002.386 -2.0225
HI N.MKJH 150.8379 1174.14 92.45282 1179.26 498.80215 -1.8202
HI N.KMAH 150.8542 1174.36 124.56218 1179.34 563.19983 -2.0152
HI N.YGTH 150.8547 1174.4101 277.08945 1179.4901 1686.1707 -2.0645
HI N.TCKH 150.879 1174.29 155.67285 1179.47 1090.6394 -1.9072
HI N.NKEH 150.8838 1174.31 160.06038 1179.63 1077.2058 -1.9197
HI N.KMYH 150.9034 1174.42 183.91414 1179.54 907.28296 -1.9997
HI N.MRUH 150.9659 1174.6001 99.213799 1179.6901 536.35266 -2.0839
HI N.FKSH 150.9749 1174.32 120.87269 1179.89 807.54956 -1.79
HI N.NKWH 150.9955 1174.53 165.88075 1179.89 1202.687 -1.9685
HI N.NYOH 150.9967 1174.48 105.49237 1179.6 828.38043 -1.9166
HI N.THTH 151.034 1174.68 171.99449 1179.85 1132.8385 -2.0594
HI N.HTAH 151.0473 1174.52 134.74609 1179.75 484.81891 -1.879
HI N.KRYH 151.1008 1174.66 132.26036 1179.98 614.85852 -1.937
HI N.ASAH 151.1234 1174.67 142.52101 1180.17 1000.0038 -1.9123
HI N.INWH 151.1698 1174.8 108.64259 1180.18 682.63684 -1.9711
HI N.YBKH 151.2243 1174.6099 188.54898 1180.4199 1371.1083 -1.6975
HI N.NNMH 151.284 1174.88 191.32146 1180.46 762.5235 -1.8761
HI N.ONIH 151.2986 1175 94.099388 1180.55 759.4892 -1.9736
HI N.ATKH 151.3465 1175.04 168.30589 1180.85 1012.1602 -1.9402
HI N.CHSH 151.3779 1175.03 387.1416 1180.69 625.55591 -1.8819
HI N.YMAH 151.3922 1174.9901 73.932976 1180.8101 578.87177 -1.8201
HI N.NGUH 151.4202 1175.08 188.08693 1181 928.49292 -1.8671
HI N.SKWH 151.4236 1175.18 191.86478 1181.04 1691.0259 -1.962
HI N.NAZH 151.457 1175.1999 88.768547 1181.0799 815.41394 -1.931
HI N.TSTH 151.4903 1175.28 197.97969 1181.11 847.2572 -1.961
HI N.GZNH 151.4951 1175.18 146.12054 1180.95 733.83429 -1.8537
HI N.JHKH 151.4974 1175.2 122.1183 1180.82 517.45209 -1.8704
HI N.ATDH 151.5109 1175.3199 210.54675 1181.1899 994.33728 -1.9701
HI N.SMGH 151.5456 1175.43 141.74336 1181.15 704.14496 -2.0279
HI N.KGRH 151.656 1175.47 101.80112 1181.4 625.38672 -1.9019
HI N.TWAH 151.673 1175.48 173.13594 1181.51 952.66943 -1.8862
HI N.YSTH 151.6791 1175.65 100.41557 1181.33 548.06659 -2.0471
HI N.UJEH 151.6796 1175.5999 410.48361 1181.2799 993.0116 -1.9963
HI N.IWSH 151.6846 1175.37 115.55515 1181.47 707.68939 -1.7588
HI N.EDSH 151.6913 1175.64 121.90123 1181.36 437.44092 -2.0187
HI N.YITH 151.7255 1175.65 180.5627 1181.43 612.82208 -1.9772
HI N.NRTH 151.7581 1175.72 105.87659 1181.48 418.44952 -1.9982
HI N.TSKH 151.7798 1175.68 148.68092 1181.55 466.34494 -1.9255
HI N.FJ2H 151.7841 1175.6901 101.85279 1181.6501 484.27737 -1.9292
HI N.KMKH 151.7979 1175.76 125.00484 1181.8 1079.7773 -1.9783
HI N.MOKH 151.7984 1175.57 87.533318 1181.66 252.09169 -1.7877
HI N.UMYH 151.8208 1175.58 150.68472 1181.84 583.50085 -1.7639
HI N.MRMH 151.8221 1175.73 120.42879 1181.69 568.716 -1.912
HI N.IICH 151.8344 1175.7 164.36118 1181.81 668.08783 -1.8636
HI N.INAH 151.8364 1175.79 148.94379 1181.77 807.31976 -1.9505
HI N.TBSH 151.8516 1175.77 121.79933 1181.97 207.84636 -1.9076
HI N.KYEH 151.8583 1175.75 162.13232 1181.83 658.89117 -1.8776
HI N.ISGH 151.8927 1175.81 110.38889 1182.06 261.10468 -1.8858
HI N.TDMH 151.9173 1175.94 101.67101 1181.86 607.63763 -1.9789
HI N.KMOH 151.9668 1175.94 130.84138 1182.22 615.46893 -1.9043
HI N.STDH 151.9713 1175.98 144.29626 1182.1 813.36237 -1.9377
HI N.SHMH 151.9812 1175.98 94.39917 1182.34 310.19461 -1.9228
HI N.KYWH 152.0007 1176.05 48.812111 1182.05 247.68784 -1.9641
HI N.HMTH 152.007 1176.01 101.87659 1182.21 488.11398 -1.9147
HI N.AWNH 152.009 1175.98 157.38853 1182.14 555.79352 -1.8817
HI N.OHRH 152.0273 1175.97 132.69188 1182.21 466.56204 -1.8448
HI N.ASOH 152.0914 1176.11 108.03212 1182.34 588.39728 -1.8904
HI N.IWTH 152.1506 1176.09 59.42157 1182.6 197.84824 -1.7833
HI N.TBYH 152.1781 1176.2199 101.67831 1182.6299 305.50015 -1.8726
HI N.NGOH 152.1915 1176.28 233.69502 1182.7 942.57166 -1.913
HI N.KOTH 152.2049 1176.2699 66.272308 1182.6899 293.16013 -1.8831
HI N.YNTH 152.2076 1176.31 99.606117 1182.62 476.65808 -1.9192
HI N.MDRH 152.2495 1176.23 170.5125 1182.75 701.07416 -1.7775
HI N.TNEH 152.2515 1176.27 117.20479 1182.86 684.8233 -1.8144
HI N.FUTH 152.2646 1176.36 176.8956 1182.81 405.23193 -1.8851
HI N.MUIH 152.2681 1176.34 93.196854 1182.77 323.74295 -1.86
HI N.MN2H 152.2959 1176.36 103.82343 1182.89 269.53934 -1.8391
HI N.CKRH 152.3206 1176.46 317.4212 1182.73 487.08432 -1.9028
HI N.YMIH 152.3311 1176.26 58.501625 1182.92 188.83636 -1.6873
HI N.IWKH 152.3374 1176.41 242.93918 1183.2 584.64447 -1.828
HI N.SZWH 152.3819 1176.55 156.62891 1182.99 719.414 -1.9025
HI N.KWNH 152.4017 1176.6 205.46262 1183.11 528.6615 -1.9231
HI N.KWTH 152.4183 1176.52 135.88208 1183.27 528.44849 -1.8187
HI N.TAYH 152.5067 1176.68 185.64722 1183.47 1045.4287 -1.8486
HI N.TOIH 152.5148 1176.6601 129.38908 1183.5501 447.67456 -1.8165
HI N.YZWH 152.5202 1176.68 103.75546 1183.32 406.90985 -1.8285
HI N.MNAH 152.5766 1176.75 132.11519 1183.53 354.44818 -1.8156
HI N.KIZH 152.5831 1176.7201 138.87112 1183.5301 529.56738 -1.776
HI N.NGRH 152.5995 1176.82 109.93288 1183.75 420.91766 -1.8517
HI N.HOJH 152.6003 1176.7499 76.872612 1183.7799 248.7668 -1.7805
HI N.HRNH 152.609 1176.8399 75.114769 1183.5099 293.78787 -1.8578
HI N.AKWH 152.6154 1176.8 122.62385 1183.8 472.12967 -1.8085
HI N.TMOH 152.6277 1176.8701 195.39653 1183.6401 654.63275 -1.8603
HI N.KNAH 152.6885 1176.96 110.74192 1184.03 384.7485 -1.8607
HI N.OGOH 152.6909 1176.9 158.39909 1183.85 449.67133 -1.7971
HI N.HRTH 152.692 1176.8199 123.19338 1183.7599 621.93439 -1.7153
HI N.HH2H 152.693 1176.8199 79.046539 1183.8399 262.67419 -1.714
HI N.MAKH 152.7034 1177.03 136.73805 1183.86 383.25601 -1.9087
HI N.KIYH 152.7134 1176.91 117.13444 1183.88 402.38037 -1.774
HI N.FJOH 152.7136 1176.8801 96.535316 1183.8901 438.8916 -1.7437
HI N.HHRH 152.7205 1176.87 48.769226 1183.88 193.64482 -1.7234
HI N.NZWH 152.7314 1177 103.86584 1183.9 365.98669 -1.8374
HI N.SMNH 152.7902 1177.06 74.136459 1184.17 232.27112 -1.8107
HI N.KRKH 152.7953 1177.0999 110.46209 1184.0099 246.16408 -1.8431
HI N.MTDH 152.8154 1177.2 169.25931 1183.94 418.4556 -1.9137
HI N.YMKH 152.8216 1177.04 92.130554 1184.13 289.7569 -1.7444
HI N.OOKH 152.8347 1177.11 127.12993 1184.24 469.13885 -1.7953
HI N.TUMH 152.8407 1177.14 155.46844 1184.18 495.77878 -1.8164
HI N.NKNH 152.8477 1177.16 113.3446 1184.18 371.60324 -1.826
HI N.MKOH 152.85 1177.28 232.46599 1184.1 436.18515 -1.9426
HI N.YM2H 152.86 1177.13 147.7552 1184.19 466.44946 -1.778
HI N.ODWH 152.8725 1177.04 91.920067 1184.19 452.05795 -1.6694
HI N.MNZH 152.875 1176.84 117.38274 1184.12 485.72797 -1.4659
HI N.TU2H 152.8838 1177.14 77.930527 1184.07 275.53906 -1.7529
HI N.HT2H 152.897 1177.14 190.43959 1184.33 464.35013 -1.7335
HI N.ASGH 152.9104 1177.25 204.07123 1184.52 761.02362 -1.8236
HI N.ENZH 152.9251 1177.28 118.77137 1184.28 322.99673 -1.8319
HI N.MYTH 152.9253 1177.28 74.310135 1184.42 235.87085 -1.8316
HI N.ITOH 152.9515 1177.1 80.426529 1184.4 456.67053 -1.6132
HI N.SAKH 152.9595 1177.1599 52.306095 1184.2599 154.15063 -1.6612
HI N.HCJH 152.9773 1177.35 357.01013 1183.89 616.28992 -1.8251
HI N.ITHH 152.9937 1177.33 134.16116 1184.61 372.09286 -1.7809
HI N.NSHH 152.9949 1177.3501 83.386986 1184.4401 179.345 -1.7992
HI N.KWKH 152.9996 1177.33 108.32381 1184.47 242.19153 -1.7723
HI N.MKGH 153.0043 1177.44 93.576958 1184.46 157.16257 -1.8753
HI N.KNIH 153.0282 1177.4501 141.6748 1184.6501 449.14279 -1.8508
HI N.SDMH 153.0482 1177.44 148.27547 1184.63 364.90106 -1.812
HI N.NRYH 153.05 1177.39 94.887146 1184.57 276.32785 -1.7594
HI N.TGKH 153.0669 1177.55 105.87354 1184.58 337.64639 -1.8951
HI N.JIZH 153.0751 1177.48 143.54649 1184.82 356.25537 -1.8131
HI N.MMKH 153.0795 1177.4599 112.44422 1184.6699 280.03934 -1.7867
HI N.SSNH 153.0951 1177.49 125.13498 1184.77 321.95273 -1.7943
HI N.KF2H 153.1023 1177.45 134.85085 1184.63 299.87384 -1.744
HI N.NMZH 153.1049 1177.45 127.84772 1184.81 374.12201 -1.7403
HI N.SZJH 153.1167 1177.61 201.42853 1184.87 424.65201 -1.8832
HI N.TKSH 153.1266 1177.5 74.249092 1184.65 122.30822 -1.7589
HI N.KMDH 153.1287 1177.53 82.50293 1184.65 184.92195 -1.7858
HI N.KWZH 153.1391 1177.39 39.756733 1184.71 149.08255 -1.6309
HI N.IGWH 153.1506 1177.6199 76.464905 1184.6599 134.75496 -1.8443
HI N.KKKH 153.1514 1177.58 98.226456 1184.76 257.61966 -1.8031
HI N.SSSH 153.1564 1177.65 116.34621 1184.87 242.38841 -1.8659
HI N.OTNH 153.1647 1177.66 139.25957 1184.87 244.81548 -1.8639
HI N.SMDH 153.1835 1177.45 71.428444 1184.67 204.27164 -1.6269
HI N.OSTH 153.194 1177.68 113.2409 1184.84 266.74567 -1.8417
HI N.HD2H 153.2045 1177.69 130.47296 1185.07 222.20627 -1.8366
HI N.FMIH 153.2309 1177.71 121.29652 1185.03 206.57785 -1.8186
HI N.SNBH 153.2442 1177.77 195.93411 1184.97 372.55624 -1.8595
HI N.CHHH 153.2481 1177.76 123.71896 1184.91 250.76561 -1.8439
HI N.HBAH 153.2518 1177.78 57.271034 1184.94 76.084015 -1.8583
HI N.MSFH 153.2578 1177.79 216.54674 1185.13 552.79449 -1.8598
HI N.HKKH 153.2664 1177.9 97.618408 1184.99 173.57608 -1.9572
HI N.IKSH 153.2665 1177.78 99.24073 1184.91 234.69458 -1.8372
HI N.MIZH 153.2813 1177.64 159.86612 1185.04 258.09769 -1.6759
HI N.HQSH 153.2819 1177.74 204.9021 1185.01 309.27313 -1.7751
HI N.SSWH 153.2858 1177.76 61.404083 1185.07 174.26735 -1.7894
HI N.NS2H 153.2863 1177.76 223.86624 1185.14 330.0769 -1.7887
HI N.HQNH 153.2869 1177.7101 190.38539 1185.0301 344.86514 -1.7379
HI N.MANH 153.2875 1177.79 151.3083 1185 334.20294 -1.8169
HI N.SMBH 153.2876 1177.78 93.815704 1185.1 163.73441 -1.8069
HI N.ASYH 153.2884 1177.73 137.50133 1185.05 268.51233 -1.7556
HI N.SUZH 153.2945 1177.86 103.72391 1184.91 211.67801 -1.8768
HI N.SBKH 153.3017 1177.75 111.76649 1185.13 346.33612 -1.7566
HI N.CHNH 153.3088 1177.8 122.43388 1185.13 198.63252 -1.7963
HI N.SSGH 153.312 1177.8 144.576 1185.1 268.56512 -1.7917
HI N.MMOH 153.3296 1177.77 107.26128 1185.05 203.39526 -1.7361
HI N.OMYH 153.3325 1177.9099 129.17432 1185.1399 151.07602 -1.872
HI N.AAKH 153.3341 1177.84 124.43222 1185.11 241.97652 -1.7997
HI N.MNYH 153.3369 1177.82 174.04529 1185.07 337.79388 -1.7757
HI N.OM2H 153.3416 1177.88 79.068718 1185.06 140.95265 -1.8289
HI N.ATYH 153.3485 1177.86 159.8687 1185.17 303.6257 -1.799
HI N.MBUH 153.3583 1177.9101 212.29999 1185.2901 334.56622 -1.835
HI N.HYNH 153.374 1177.8599 105.3862 1185.2499 143.36147 -1.7622
HI N.SUYH 153.3871 1177.95 176.30737 1185.32 318.1134 -1.8334
HI N.HYKH 153.3944 1177.9599 183.18533 1185.3799 285.61765 -1.8327
HI N.HOTH 153.4038 1177.98 69.790169 1185.22 132.55673 -1.8393
HI N.MWDH 153.4043 1178.12 195.65807 1185.53 279.00067 -1.9786
HI N.UCUH 153.4053 1177.89 81.177574 1185.08 193.68137 -1.7471
HI N.TONH 153.413 1178.01 194.5466 1185.43 325.9267 -1.8561
HI N.SOJH 153.4235 1177.98 181.0209 1185.32 346.73965 -1.811
HI N.MSTH 153.4276 1177.96 94.604103 1185.16 127.25764 -1.785
HI N.OMCH 153.4279 1177.99 78.919724 1185.2 112.4172 -1.8145
HI N.SZUH 153.436 1177.94 123.87797 1185.55 137.07983 -1.7529
HI N.SMSH 153.4402 1177.9801 128.39619 1185.2301 180.75577 -1.7869
HI N.HSEH 153.4447 1177.95 123.59425 1185.32 216.55179 -1.7504
HI N.TTNH 153.4736 1177.9899 93.601151 1185.4299 135.65994 -1.7486
HI N.UOZH 153.4879 1178.22 92.384209 1185.45 185.40869 -1.9582
HI N.MAZH 153.4964 1178.1 142.08177 1185.45 229.43768 -1.8259
HI N.SIZH 153.5162 1178.15 193.14278 1185.77 184.73312 -1.8481
HI N.SOSH 153.5327 1178.1 138.98735 1185.65 151.55063 -1.7748
HI N.HTNH 153.5375 1178.1399 174.07318 1185.6799 200.54703 -1.8079
HI N.YGDH 153.5405 1178.2 90.92585 1185.31 182.05492 -1.8639
HI N.SONH 153.5438 1178.13 177.30846 1185.7 202.49548 -1.7892
HI N.KGNH 153.5451 1178.13 96.833809 1185.57 194.77908 -1.7872
HI N.INHH 153.549 1178.14 86.692459 1185.63 139.25853 -1.7918
HI N.KHTH 153.5723 1178.1701 99.818703 1185.4401 137.09442 -1.7889
HI N.KSOH 153.6134 1178.28 106.68334 1185.77 151.83575 -1.8409
HI N.OKBH 153.6329 1178.24 114.06656 1185.79 112.86256 -1.7735
HI N.NGWH 153.6336 1178.25 93.531105 1185.86 147.52084 -1.7824
HI N.IIDH 153.6353 1178.27 173.19081 1185.96 202.70184 -1.8001
HI N.SUMH 153.6498 1178.31 185.79088 1185.94 246.08403 -1.8195
HI N.AMZH 153.6564 1178.4101 155.73474 1185.6001 197.10146 -1.9102
HI N.TOYH 153.6639 1178.41 201.84711 1185.97 188.91188 -1.8996
HI N.MTKH 153.6663 1178.3399 205.65015 1185.8399 354.41431 -1.8261
HI N.HKWH 153.669 1178.34 170.20181 1185.96 248.27498 -1.8226
HI N.KTRH 153.6814 1178.33 95.651604 1185.87 130.96062 -1.7949
HI N.FJEH 153.6851 1178.36 129.70723 1186.2 182.2766 -1.8197
HI N.TKGH 153.7076 1178.35 95.340012 1185.98 129.83456 -1.7779
HI N.AGMH 153.7205 1178.4101 110.5947 1185.9901 206.37329 -1.8197
HI N.KOKH 153.7347 1178.4699 116.80619 1185.9799 163.55754 -1.8597
HI N.MSNH 153.752 1178.46 233.28758 1186.15 222.25072 -1.8253
HI N.KADH 153.7534 1178.42 94.533409 1186.04 134.57596 -1.7833
HI N.KNEH 153.7709 1178.44 168.7827 1186.22 145.53177 -1.7786
HI N.WMZH 153.7752 1178.59 144.14592 1185.93 285.26196 -1.9226
HI N.MSKH 153.7829 1178.48 236.19839 1186.11 202.51836 -1.8016
HI N.MS2H 153.7869 1178.5 171.12967 1186.19 217.84166 -1.816
HI N.AC2H 153.8283 1178.5199 91.41861 1186.2699 104.71061 -1.7775
HI N.HIMH 153.8366 1178.5 107.41076 1186.09 178.85287 -1.7458
HI N.SHKH 153.8385 1178.52 145.28307 1186.06 184.74377 -1.7632
HI N.KG3H 153.8391 1178.53 121.35439 1186.25 136.87976 -1.7724
HI N.TGIH 153.8497 1178.58 114.57244 1185.98 190.33501 -1.8074
HI N.ASSH 153.8686 1178.63 139.96124 1186.34 193.65266 -1.8307
HI N.NGIH 153.8719 1178.49 69.953148 1186.23 94.728348 -1.6859
HI N.ASNH 153.8734 1178.64 180.72058 1186.33 288.63416 -1.834
HI N.MRIH 153.9027 1178.64 104.19329 1186.6 140.59476 -1.7926
HI N.OHSH 153.9117 1178.62 118.48334 1186.32 83.521309 -1.7599
HI N.FRKH 153.9176 1178.7 110.91415 1186.43 178.27531 -1.8316
HI N.TT2H 153.9257 1178.68 142.43649 1186.49 155.56082 -1.8001
HI N.TYEH 153.9468 1178.7 167.36157 1186.62 139.59697 -1.7904
HI N.TMAH 153.9475 1178.73 154.92154 1186.49 272.69513 -1.8194
HI N.TOGH 153.9507 1178.72 101.14078 1186.42 214.47983 -1.8048
HI N.IMIH 153.9519 1178.8 185.43054 1186.46 262.95621 -1.8831
HI N.TATH 153.9606 1178.73 124.85278 1186.59 141.95958 -1.8008
HI N.HRYH 153.9752 1178.7399 101.54325 1186.8499 65.750198 -1.7902
HI N.TOEH 153.99 1178.82 199.39928 1186.7 223.8139 -1.8494
HI N.TBTH 154.001 1178.77 129.87845 1186.45 186.99294 -1.7838
HI N.NTGH 154.0351 1178.74 95.569122 1186.5 96.183846 -1.7057
HI N.GERH 154.0525 1178.83 95.876114 1186.7 131.8369 -1.7712
HI N.GR2H 154.0612 1178.85 119.01881 1186.65 138.59224 -1.7788
HI N.HSKH 154.0764 1178.7899 71.892982 1186.5799 87.422325 -1.6973
HI N.HOUH 154.0938 1178.97 102.27314 1186.92 117.52872 -1.8528
HI N.MZEH 154.0972 1178.8801 95.847496 1186.7701 152.27615 -1.7581
HI N.STRH 154.1034 1178.89 131.86917 1186.91 189.72105 -1.7593
HI N.SRWH 154.1249 1179.04 120.70117 1186.81 190.92227 -1.8789
HI N.INSH 154.1269 1178.99 108.44352 1186.89 137.36162 -1.8261
HI N.KSHH 154.1602 1179.0199 129.32724 1186.9899 108.75765 -1.809
HI N.SYKH 154.1768 1179.07 57.359829 1186.88 81.771584 -1.8357
HI N.ASHH 154.1776 1179.0599 154.87238 1187.0999 164.92233 -1.8245
HI N.YOTH 154.1917 1179.05 93.829613 1187.01 68.967056 -1.7948
HI N.KAYH 154.2241 1179.0801 101.95296 1187.0201 92.762787 -1.779
HI N.SSRH 154.2363 1179.1699 152.69026 1187.1499 205.99783 -1.8517
HI N.MKBH 154.2529 1179.2 120.19636 1187.17 137.70393 -1.8582
HI N.ARIH 154.2569 1179.19 148.04274 1187.2 141.34323 -1.8426
HI N.ASUH 154.2599 1179.1399 199.688 1187.2399 235.16122 -1.7884
HI N.OKCH 154.2603 1179.23 105.84483 1187.2 167.04944 -1.8779
HI N.YMTH 154.2634 1179.14 119.38563 1187.15 183.50844 -1.7836
HI N.TDEH 154.2742 1179.19 149.49001 1187.19 238.18564 -1.8183
HI N.TSUH 154.2795 1179.18 141.48071 1187.25 199.06671 -1.8007
HI N.THNH 154.315 1179.3 166.86813 1187.25 190.37408 -1.8707
HI N.MNMH 154.3316 1179.2699 162.32248 1187.3899 186.98697 -1.8172
HI N.NUKH 154.3716 1179.36 121.64465 1187.39 173.41136 -1.8507
HI N.MKMH 154.3865 1179.34 177.66978 1187.45 161.96713 -1.8097
HI N.TYHH 154.3973 1179.38 195.77161 1187.52 147.44341 -1.8345
HI N.OKZH 154.4015 1179.44 143.56583 1187.52 278.67056 -1.8884
HI N.KGIH 154.4052 1179.36 171.57066 1187.5 216.48698 -1.8034
HI N.IZUH 154.4119 1179.38 116.89365 1187.51 239.55956 -1.8138
HI N.ITDH 154.4396 1179.41 134.02585 1187.54 219.67401 -1.8052
HI N.NGKH 154.4602 1179.47 252.60078 1187.67 394.02145 -1.8369
HI N.KMHH 154.4982 1179.52 224.14641 1187.7 336.0462 -1.8348
HI N.TKTH 154.5228 1179.53 189.01164 1187.75 256.36325 -1.8112
HI N.ABNH 154.5307 1179.57 160.51286 1187.91 230.34122 -1.8403
HI N.ANJH 154.5509 1179.65 109.01714 1187.88 146.15372 -1.8927
HI N.HAZH 154.5683 1179.6199 132.7184 1187.8799 163.9472 -1.8387
HI N.EIHH 154.5932 1179.5599 60.213207 1187.9199 83.162476 -1.7445
HI N.KYSH 154.5949 1179.79 106.93811 1187.85 192.71713 -1.9724
HI N.NEOH 154.6041 1179.6399 107.36432 1187.9099 177.89972 -1.8096
HI N.TNMH 154.6505 1179.72 135.42175 1188.06 248.60834 -1.8262
HI N.ATMH 154.6818 1179.74 59.393391 1188.22 95.225487 -1.8031
HI N.HMAH 154.6844 1179.99 91.986382 1187.85 170.04924 -2.0496
HI N.SKUH 154.7644 1179.8899 77.31411 1188.0999 133.03316 -1.8399
HI N.KSGH 154.8254 1179.8801 116.36082 1188.3201 192.76036 -1.7465
HI N.KIDH 154.8468 1180.04 160.96266 1188.36 308.61075 -1.8771
HI N.OTAH 154.8806 1179.97 98.389877 1188.37 106.33325 -1.7607
HI N.TAGH 154.9546 1180.21 138.82634 1188.56 152.43686 -1.8993
HI N.SMAH 154.9847 1180.15 105.07777 1188.97 185.80046 -1.7981
HI N.TRGH 155.0323 1180.24 134.58119 1188.83 133.62257 -1.8227
HI N.MASH 155.1209 1180.31 131.2323 1189.2 177.14066 -1.7714
HI N.WATH 155.1287 1180.35 139.0658 1189.39 140.83493 -1.8006
HI N.HNOH 155.1396 1180.37 172.6888 1189.18 161.29622 -1.8058
HI N.MIKH 155.1851 1180.42 177.62892 1189.21 141.66879 -1.7934
HI N.URSH 155.2213 1180.59 83.342239 1189.44 84.391319 -1.9137
HI N.OTUH 155.3179 1180.65 136.7216 1189.58 94.988617 -1.8416
HI N.MGWH 155.324 1180.62 148.76938 1189.91 91.237198 -1.8035
HI N.OBMH 155.3337 1180.61 123.393 1189.63 78.936325 -1.7807
HI N.SGRH 155.3566 1180.63 145.4409 1189.8 86.762993 -1.7702
HI N.YZEH 155.4261 1180.75 75.492157 1190.09 76.74958 -1.798
HI N.TKHH 155.4979 1180.8 116.35679 1189.89 99.221436 -1.7526
HI N.KYTH 155.5189 1180.9 127.9762 1190.07 99.347511 -1.8248
HI N.HYSH 155.5277 1180.9201 134.73784 1190.0301 63.009922 -1.8331
HI N.MYMH 155.544 1180.95 148.35922 1190 116.6124 -1.8415
HI N.KMMH 155.5528 1181.2601 51.948769 1190.2701 43.936966 -2.1398
HI N.OWSH 155.5579 1180.85 86.487778 1190.53 39.707588 -1.7231
HI N.INEH 155.5733 1181.0499 264.19269 1189.9599 244.04268 -1.9026
HI N.TRIH 155.5979 1181.02 227.25775 1190.34 99.024559 -1.8399
HI N.KAWH 155.5991 1180.98 106.78337 1190.1 62.660412 -1.7984
HI N.KTNH 155.6386 1181.05 152.46684 1190.23 87.004333 -1.8159
HI N.KMEH 155.6866 1181.14 170.6929 1190.35 97.444321 -1.8422
HI N.KRTH 155.72 1181.16 95.323486 1190.12 54.260952 -1.8179
HI N.NDGH 155.7471 1181.19 170.61183 1190.43 116.45715 -1.8118
HI N.AMNH 155.7482 1181.1899 180.96478 1190.2599 128.10756 -1.8103
HI N.TISH 155.7678 1181.2 131.27521 1190.36 66.225899 -1.7943
HI N.OSKH 155.7971 1181.36 26.090759 1190.66 18.044836 -1.9156
HI N.KHOH 155.8014 1181.25 112.70786 1190.3 51.800362 -1.7998
HI N.SSYH 155.8279 1181.3 140.77942 1190.59 76.28907 -1.8147
HI N.FKCH 155.833 1181.33 160.55908 1190.46 80.333168 -1.8378
HI N.TKEH 155.8331 1181.2 81.828262 1190.18 46.149639 -1.7078
HI N.KNHH 155.9167 1181.45 96.653328 1190.54 24.585403 -1.8468
HI N.NKTH 155.9636 1181.49 111.13192 1190.54 48.864792 -1.8245
HI N.IZSH 155.9684 1181.51 134.88301 1190.74 89.522758 -1.8382
HI N.TKWH 155.9944 1181.48 129.62914 1190.58 68.76857 -1.7736
HI N.SNTH 156.0084 1181.4799 136.75146 1190.7999 79.219902 -1.755
HI N.NAGH 156.0092 1181.55 156.61009 1190.82 124.592 -1.8239
HI N.HNZH 156.0146 1181.5701 95.614357 1190.5301 33.429726 -1.8369
HI N.TJOH 156.043 1181.57 172.95743 1191.06 101.21473 -1.7992
HI N.KSMH 156.0444 1181.53 86.270393 1190.84 67.089424 -1.7572
HI N.KAMH 156.0946 1181.65 116.0257 1191 64.937981 -1.8106
HI N.TJRH 156.1042 1181.5001 70.598991 1191.5201 36.348087 -1.6479
HI N.MROH 156.1575 1181.73 157.70645 1191.12 78.992836 -1.8072
HI N.NKMH 156.179 1181.78 134.86996 1191 79.876068 -1.8284
HI N.SSMH 156.2281 1181.8301 174.66386 1192.9001 59.882011 -1.8133
HI N.KTDH 156.2604 1181.9 327.15964 1191.45 85.677551 -1.8405
HI N.KKGH 156.2876 1181.95 183.33649 1191.3 109.85013 -1.8544
HI N.IAMH 156.2937 1181.88 175.69919 1191.4 98.533295 -1.7763
HI N.YMSH 156.2968 1181.92 111.33646 1191.36 65.646744 -1.8122
HI N.WKYH 156.3095 1181.91 232.49217 1191.39 168.15816 -1.7854
HI N.HAGH 156.322 1181.98 115.08028 1191.23 70.220718 -1.8391
HI N.HRKH 156.3238 1181.96 149.41443 1191.38 88.392876 -1.8167
HI N.INMH 156.3798 1182.04 196.8152 1191.44 101.39079 -1.8248
HI N.SGUH 156.4352 1182.13 170.60811 1191.66 102.9986 -1.8434
HI N.NKOH 156.4632 1182.17 172.12305 1191.66 102.56973 -1.8474
HI N.KWHH 156.4798 1182.12 197.50066 1191.72 138.20383 -1.776
HI N.MHRH 156.5164 1182.23 259.45639 1191.72 86.90596 -1.839
HI N.OHAH 156.5253 1182.2 131.80028 1191.65 82.473816 -1.7976
HI N.CHZH 156.5275 1182.1899 141.13852 1191.8099 86.041328 -1.7845
HI N.AIOH 156.5414 1182.21 155.35069 1191.67 68.840981 -1.7868
HI N.KMGH 156.6071 1182.28 145.16936 1192.12 76.596954 -1.7723
HI N.SYOH 156.6859 1182.41 149.96233 1192.11 84.63253 -1.8009
HI N.HNSH 156.7218 1182.42 171.14238 1192.51 69.638741 -1.7646
HI N.KSBH 156.729 1182.41 92.70182 1191.92 41.413887 -1.7453
HI N.UUMH 156.8014 1182.59 129.28825 1192.45 93.971565 -1.8323
HI N.SKGH 156.8195 1182.5599 116.09507 1192.4299 33.962601 -1.7788
HI N.TOKH 156.8371 1182.59 160.43234 1192.57 54.541645 -1.7864
HI N.AKSH 156.8566 1182.56 118.25102 1192.53 42.236523 -1.7312
HI N.SETH 156.8634 1182.61 157.62219 1192.68 115.75644 -1.7725
HI N.OHCH 156.9134 1182.72 193.306 1192.63 114.44794 -1.8182
HI N.HWSH 156.9495 1182.74 116.14505 1191.07 48.537422 -1.7918
HI N.YBRH 156.9573 1182.73 132.5656 1192.85 69.816399 -1.7718
HI N.TKBH 156.9711 1182.7 163.13535 1192.86 72.296806 -1.7239
HI N.MZKH 157.0092 1182.8801 127.89655 1192.9701 84.702812 -1.8549
HI N.MKIH 157.0124 1182.8999 135.66499 1192.9899 109.0376 -1.8708
HI N.MHSH 157.0495 1183.05 246.77284 1192.55 111.12415 -1.9743
HI N.OKYH 157.0583 1182.85 155.40942 1192.99 103.6384 -1.7635
HI N.TAMH 157.1031 1182.92 101.0762 1193.12 87.584908 -1.7779
HI N.HKBH 157.1105 1182.88 163.4567 1193.19 83.998245 -1.7288
HI N.KNNH 157.1347 1183.34 106.75081 1193.23 99.024582 -2.1588
HI N.HINH 157.1404 1182.98 117.46242 1193.38 46.208912 -1.7916
HI N.SADH 157.1632 1182.99 156.51701 1193.25 62.309849 -1.7733
HI N.AYKH 157.1833 1182.9899 120.31884 1193.3799 82.557838 -1.7484
HI N.KYDH 157.1896 1182.94 111.2535 1193.76 62.525829 -1.6906
HI N.MABH 157.1945 1182.99 118.84135 1193.18 104.62383 -1.7345
HI N.HKTH 157.2036 1183.02 89.3032 1193.27 32.195892 -1.7532
HI N.KSIH 157.2642 1183.12 226.22406 1193.53 124.8744 -1.7781
HI N.TTAH 157.2793 1183.17 364.15887 1193.56 106.11743 -1.8094
HI N.BSEH 157.2961 1183.06 103.61298 1193.33 62.651707 -1.6785
HI N.IKWH 157.3178 1183.2 214.67438 1193.42 112.8825 -1.7917
HI N.MNOH 157.3728 1183.1701 93.875404 1193.4101 84.090981 -1.6936
HI N.MURH 157.4018 1183.31 160.79893 1193.67 104.17294 -1.7975
HI N.KNBH 157.4309 1183.3199 119.55015 1193.6399 73.448921 -1.7714
HI N.KACH 157.4406 1183.35 172.51543 1193.82 151.50311 -1.7894
HI N.HIRH 157.4696 1183.35 217.85577 1193.99 169.87041 -1.7534
HI N.JNSH 157.4934 1183.4 226.3586 1193.9 139.49956 -1.7739
HI N.KHUH 157.5045 1183.45 227.5437 1193.82 108.73631 -1.8103
HI N.SINH 157.5368 1183.45 126.27283 1193.89 91.398117 -1.7701
HI N.YSDH 157.5579 1183.54 89.167068 1194.05 67.557846 -1.8341
HI N.NMKH 157.561 1183.85 109.94553 1193.9 85.433136 -2.1401
HI N.GSIH 157.5675 1183.49 123.30048 1193.82 116.2347 -1.7721
HI N.SDAH 157.6241 1183.57 184.14185 1194.31 126.83932 -1.7819
HI N.KTWH 157.6361 1183.76 141.96059 1194.43 34.492512 -1.9571
HI N.MIGH 157.6546 1183.58 168.35388 1194.55 84.915321 -1.7541
HI N.MTYH 157.66 1183.58 127.85744 1194.27 115.15302 -1.7473
HI N.KSAH 157.7062 1183.66 156.07748 1194.42 76.859238 -1.7701
HI N.DWAH 157.7802 1183.71 137.12099 1194.73 83.977791 -1.7284
HI N.MIHH 157.804 1183.73 129.9388 1194.84 87.678299 -1.7189
HI N.OOCH 157.8255 1183.94 85.145691 1194.5 66.338852 -1.9023
HI N.GHKH 157.8398 1183.7801 78.088631 1194.6101 31.738308 -1.7246
HI N.HSMH 157.8542 1183.76 74.004776 1194.87 43.440491 -1.6866
HI N.INOH 157.8566 1183.83 146.83514 1194.59 58.042545 -1.7536
HI N.MYKH 157.8598 1183.7801 90.363426 1194.5801 56.312492 -1.6997
HI N.SJOH 157.9086 1183.89 101.41782 1194.78 53.055969 -1.7491
HI N.YSHH 157.9308 1183.92 181.0517 1194.85 104.80051 -1.7518
HI N.HHIH 157.9361 1183.92 159.814 1194.93 112.26839 -1.7452
HI N.TBRH 157.9812 1183.98 151.55545 1194.84 65.970871 -1.7493
HI N.IWAH 158.007 1183.95 66.30127 1194.94 48.808578 -1.6872
HI N.GOTH 158.0263 1184.11 83.279564 1194.76 36.711803 -1.8233
HI N.SSKH 158.0299 1184.08 161.99236 1194.78 74.828743 -1.7889
HI N.IKKH 158.0314 1184.02 103.89491 1194.91 69.69754 -1.727
HI N.GEIH 158.1008 1184.12 126.1039 1195.21 77.991005 -1.741
HI N.KURH 158.1246 1184.16 131.64421 1195.16 87.452881 -1.7514
HI N.HRSH 158.1434 1184.16 168.28217 1195.09 88.067581 -1.7282
HI N.KNGH 158.1619 1184.18 105.54829 1195.44 37.361408 -1.7251
HI N.YNDH 158.1852 1184.2199 131.31662 1195.3299 26.207851 -1.7363
HI N.HISH 158.2509 1184.31 198.26067 1195.35 93.917496 -1.7449
HI N.TBEH 158.2609 1184.33 120.14426 1195.32 36.880314 -1.7528
HI N.TGUH 158.2908 1184.4001 213.81096 1195.4801 51.786293 -1.7871
HI N.KRHH 158.3032 1184.4001 139.70309 1195.9601 42.780899 -1.7724
HI N.TSYH 158.3077 1184.41 115.82669 1195.43 41.716125 -1.7768
HI N.OKMH 158.3337 1184.4801 144.35458 1195.7001 78.996742 -1.8157
HI N.KWBH 158.3924 1184.46 188.81226 1195.64 52.942848 -1.7252
HI N.NAKH 158.4148 1184.58 182.8302 1195.51 29.59725 -1.8184
HI N.HIYH 158.4254 1184.57 178.24316 1195.8 53.716911 -1.7957
HI N.SKIH 158.4272 1184.59 125.68295 1195.52 26.639187 -1.8135
HI N.HIKH 158.4499 1184.64 299.69983 1196.08 108.10548 -1.8363
HI N.TOHH 158.4622 1184.65 126.22939 1196.16 53.818787 -1.8315
HI N.OOZH 158.4693 1184.5501 108.60152 1195.7601 58.151047 -1.7231
HI N.IKNH 158.5487 1184.65 147.82724 1196.26 88.717865 -1.7279
HI N.UWAH 158.6077 1184.71 163.63301 1197.68 65.178513 -1.7172
HI N.MICH 158.624 1184.94 110.13923 1196.23 47.320972 -1.9276
HI N.MKWH 158.6413 1184.77 95.557251 1196.43 51.583076 -1.7369
HI N.SYTH 158.6704 1184.81 152.00345 1196.54 81.809586 -1.7428
HI N.TMGH 158.6718 1184.85 135.85298 1196.29 58.305798 -1.7812
HI N.OOTH 158.6985 1185.1399 129.86221 1194.6099 77.78965 -2.0405
HI N.TSMH 158.7268 1184.9801 171.00063 1196.2301 50.963371 -1.8479
HI N.KNSH 158.7318 1184.9001 155.75201 1196.7501 73.890488 -1.7622
HI N.IKTH 158.7376 1184.94 195.37384 1196.43 110.68853 -1.7955
HI N.MTMH 158.7667 1185.0499 118.03925 1196.5999 63.091858 -1.872
HI N.TKJH 158.8607 1184.93 59.874065 1196.78 22.642956 -1.6436
HI N.TKUH 158.8779 1185.44 88.042915 1196.66 37.629337 -2.1339
HI N.MISH 158.9252 1185.11 193.34544 1196.83 131.54208 -1.7493
HI N.HGIH 158.9927 1185.25 74.637962 1196.84 39.404156 -1.8116
HI N.HOFH 159.0272 1185.01 66.089104 1196.93 24.057812 -1.5318
HI N.MTOH 159.0935 1185.25 71.553154 1196.96 28.362522 -1.6956
HI N.NGTH 159.1649 1185.5599 70.888748 1196.6099 34.459896 -1.9232
HI N.AKIH 159.2022 1185.4999 130.02277 1195.3099 52.966225 -1.8203
HI N.UBEH 159.246 1185.42 108.85575 1197.01 64.373459 -1.6899
HI N.SIKH 159.3031 1185.67 253.3316 1197.67 102.13255 -1.8741
HI N.KIKH 159.3671 1185.79 129.49371 1197.97 44.554462 -1.9203
HI N.YMGH 159.39 1185.68 124.2877 1196.82 22.989447 -1.7841
HI N.TYUH 159.4427 1185.8 177.11386 1198.06 57.068272 -1.8433
HI N.NTHH 159.4531 1185.82 102.72464 1197.68 27.138363 -1.8513
HI N.MIEH 159.491 1185.79 55.833973 1198.15 15.741062 -1.7777
HI N.KKYH 159.5303 1185.9 143.62012 1198.34 61.010792 -1.8424
HI N.KIGH 159.5431 1185.86 178.43269 1198.13 42.309368 -1.7878
HI N.BZNH 159.5559 1185.9899 126.29328 1198.2599 29.711628 -1.9029
HI N.UMWH 159.5947 1185.99 77.565147 1197.99 44.225014 -1.8583
HI N.SNIH 159.6091 1186.01 152.83968 1198.5 55.706219 -1.8616
HI N.NOBH 159.6131 1185.99 124.81042 1198.11 61.494606 -1.8371
HI N.TAKH 159.6406 1185.95 85.937988 1197.94 9.4096775 -1.7654
HI N.KKEH 159.6411 1185.9799 104.45519 1198.8199 31.761284 -1.7948
HI N.YGNH 159.7155 1186.19 128.30562 1198.61 36.433231 -1.9191
HI N.SGWH 159.7215 1186.13 133.99908 1199.13 23.373207 -1.8523
HI N.HYGH 159.7532 1186.35 123.27322 1199.12 54.827091 -2.0357
HI N.NMNH 159.7822 1186.1399 45.300671 1198.3799 20.766806 -1.7922
HI N.OGNH 159.826 1186.32 132.6252 1198.56 49.037624 -1.9218
HI N.KIWH 159.8413 1186.25 141.60583 1198.69 67.736671 -1.8342
HI N.TGOH 159.8514 1186.35 180.67287 1199.35 79.934975 -1.9227
HI N.KWMH 159.8607 1186.44 95.683716 1199.38 42.202717 -2.0019
HI N.KAHH 159.8619 1186.29 161.34753 1198.69 44.548683 -1.8506
HI N.GENH 159.8642 1186.23 122.01045 1198.81 98.531822 -1.7879
HI N.MRTH 159.8848 1186.39 128.78731 1198.03 39.389271 -1.9241
HI N.WKMH 159.9008 1186.33 112.02077 1196.82 39.016354 -1.8456
HI N.GKSH 159.9103 1186.33 81.948296 1199.02 37.746334 -1.8348
HI N.UKHH 159.9323 1186.3999 130.13438 1198.7899 39.848068 -1.8793
HI N.HKSH 159.9361 1186.35 129.88918 1198.62 43.328899 -1.8251
HI N.UMIH 160.0002 1186.39 129.45799 1198.85 45.324554 -1.7912
HI N.NANH 160.009 1186.43 114.83422 1199.15 30.974298 -1.8212
HI N.TARH 160.0297 1186.46 143.79692 1198.92 36.598213 -1.8272
HI N.KKCH 160.0563 1186.53 129.82654 1199.01 13.409484 -1.8666
HI N.YABH 160.0642 1186.5401 120.14126 1198.6301 34.095299 -1.8676
HI N.SBAH 160.0793 1186.54 80.104088 1199.34 29.514153 -1.8502
HI N.KHKH 160.1065 1186.58 124.08736 1198.95 30.767742 -1.8588
HI N.KTMH 160.1249 1186.63 310.38693 1198.59 54.411755 -1.8878
HI N.NRAH 160.1263 1186.55 129.38638 1199.36 27.85051 -1.8062
HI N.MSIH 160.1546 1186.5899 116.57962 1199.3699 67.636894 -1.8147
HI N.HSFH 160.2004 1186.61 149.59804 1199.23 32.195663 -1.7839
HI N.IZMH 160.2252 1186.6899 112.03626 1199.3799 42.415806 -1.8366
HI N.NCNH 160.2575 1186.7501 280.98798 1199.1001 116.00758 -1.8621
HI N.TMNH 160.2624 1186.76 225.50578 1199.5 39.146843 -1.8668
HI N.TYNH 160.2779 1186.76 158.95876 1199.55 39.276157 -1.8503
HI N.SUKH 160.2935 1186.79 218.38266 1199.47 85.136665 -1.8636
HI N.FJIH 160.305 1186.89 96.29467 1199.5 55.169949 -1.9512
HI N.UWEH 160.3364 1186.94 234.05562 1199.47 87.40509 -1.9677
HI N.MJSH 160.4061 1186.87 200.9366 1200.48 60.149757 -1.8232
HI N.MSMH 160.4291 1186.9099 173.42867 1199.8399 35.719952 -1.8385
HI N.MJNH 160.4564 1186.97 217.15627 1199.63 53.200535 -1.8696
HI N.HYOH 160.4755 1186.96 232.48833 1200.08 49.61956 -1.839
HI N.CZEH 160.508 1186.96 85.091873 1199.75 21.703011 -1.8043
HI N.SRIH 160.5094 1187.05 244.11002 1200.55 12.244446 -1.8927
HI N.OSUH 160.537 1187.07 248.9883 1200.94 23.697945 -1.8832
HI N.ASKH 160.5602 1187.0599 185.22023 1200.1099 27.734318 -1.8484
HI N.UCNH 160.5824 1187.11 309.35809 1200.33 40.081409 -1.8747
HI N.TKKH 160.6107 1187.09 171.85556 1200.72 32.219711 -1.8245
HI N.IMRH 160.6332 1187.1001 192.04337 1201.0101 45.19059 -1.8105
HI N.KYAH 160.7123 1187.2599 282.48087 1200.5899 93.638718 -1.8858
HI N.SBNH 160.743 1187.24 217.99039 1200.85 23.522339 -1.8331
HI N.SBSH 160.7522 1187.26 272.80215 1201.15 35.153755 -1.8433
HI N.AIRH 160.7745 1187.31 286.42627 1200.65 99.639984 -1.8695
HI N.MMTH 160.7754 1187.29 305.84106 1200.39 100.4771 -1.8485
HI N.MYJH 160.7957 1187.25 180.12257 1200 45.759541 -1.7867
HI N.KDIH 160.8024 1187.37 202.65845 1199.7 56.816143 -1.8995
HI N.KKIH 160.8398 1187.32 139.54688 1200.41 14.995832 -1.8096
HI N.SNWH 160.8517 1187.3401 146.35031 1200.4901 38.061935 -1.817
HI N.KORH 160.9015 1187.52 136.95279 1200.02 5.8248773 -1.9436
HI N.SENH 160.9208 1187.33 182.71597 1199.74 56.254257 -1.7331
HI N.SATH 160.9543 1187.4801 314.12952 1201.3701 42.567352 -1.8472
HI N.NSMH 160.9693 1187.52 249.23831 1200.53 25.666065 -1.8712
HI N.AKNH 160.9716 1187.47 132.33115 1200.76 45.731705 -1.8188
HI N.HRDH 160.9836 1187.51 285.60608 1201.02 83.336754 -1.8459
HI N.CRNH 161.0533 1187.66 124.38752 1199.27 21.318218 -1.9214
