N.AGW 21.51 43.0842 140.8199 0.409 0.692
N.AKS 16.07 35.4668 133.6307 0.424 0.666
N.AMZ 16.42 37.2224 136.9689 0.413 0.839
N.ANS 21.48 43.1141 144.1229 0.005 0.662
N.ASA 17.04 38.4704 139.7606 0.286 0.594
N.ASB 20.46 41.9856 140.3087 -0.040 0.720
N.ASK 15.35 32.2918 130.5777 -0.582 0.631
N.ASR 18.56 40.1391 140.9529 0.396 0.747
N.ATK 16.30 37.7317 139.8821 0.228 0.510
N.AYE 21.74 43.3822 143.8983 0.317 0.573
N.AYK 14.89 34.2186 133.9493 0.163 0.656
N.AYW 21.62 43.2708 143.4317 0.631 0.601
N.BFE 22.90 44.5509 142.5736 0.713 0.618
N.BFN 22.95 44.5973 142.3036 -0.193 0.512
N.BFW 22.83 44.4732 142.2725 -0.186 0.651
N.BHR 22.09 43.7228 144.1837 -0.165 0.725
N.BKE 21.82 43.3978 145.1224 0.384 0.509
N.BKW 21.79 43.3900 144.8021 -0.318 0.647
N.BTO 15.28 36.7342 140.1781 -0.024 0.816
N.CCN 21.37 42.9500 140.8223 0.012 0.726
N.CZE 16.59 33.5080 129.8877 0.255 0.633
N.DWA 15.64 34.5482 132.9480 0.764 0.759
N.EIH 15.56 36.0955 136.3617 0.406 0.559
N.FBR 21.67 43.2341 140.6228 0.111 0.835
N.FGN 22.18 43.8243 142.1594 -0.583 0.636
N.FGS 22.05 43.6948 142.0776 0.524 0.724
N.FGT 17.20 38.7107 140.3744 0.478 0.515
N.FJI 16.31 33.4098 130.2329 -0.369 0.663
N.FKC 15.30 35.3130 135.1334 0.814 0.632
N.FKU 19.25 40.7451 140.0233 0.417 0.662
N.FRN 21.72 43.3697 142.3409 -0.697 0.605
N.FSW 17.27 38.8654 141.3512 0.006 0.844
N.GEI 16.08 34.7471 132.3794 0.520 0.643
N.GHK 14.76 33.7079 133.3641 0.994 0.739
N.GJO 18.41 39.9155 140.2221 -0.398 0.549
N.GOT 16.33 35.0087 132.3069 -0.786 0.615
N.HBT 21.47 43.1213 143.6186 -0.485 0.589
N.HGA 15.11 36.5480 140.0751 -0.135 0.608
N.HIM 16.12 36.8866 136.9276 0.477 0.562
N.HIN 15.98 35.2313 133.3909 -0.457 0.763
N.HIR 16.42 35.4259 132.8008 -0.318 0.604
N.HIY 14.77 33.3348 132.7980 0.309 0.620
N.HKS 15.37 32.8114 131.1010 0.018 0.716
N.HKT 16.09 35.2963 133.2604 0.615 0.602
N.HMA 14.70 35.2768 136.7002 -0.838 0.527
N.HMN 17.88 39.4559 141.0001 0.216 0.767
N.HMT 15.67 37.0103 139.3755 0.205 0.802
N.HNB 23.38 45.0167 142.0795 0.657 0.552
N.HNK 21.63 43.2084 145.1168 -0.318 0.752
N.HNO 14.56 34.9638 136.2610 0.210 0.557
N.HNR 17.63 39.1740 140.7129 -0.317 0.589
N.HNS 15.16 34.7283 134.2744 0.516 0.574
N.HOB 21.23 42.8714 142.1285 0.602 0.735
N.HOC 22.47 44.1160 142.1414 0.108 0.798
N.HON 22.64 44.2803 142.1594 0.276 0.558
N.HOS 22.36 43.9994 142.1258 -0.423 0.673
N.HRD 16.68 33.2116 129.4353 -0.192 0.614
N.HRK 14.11 33.9804 135.2122 0.134 0.515
N.HRY 14.44 35.3095 137.6261 1.170 0.522
N.HSF 16.18 33.3652 130.4049 -0.186 0.619
N.HSM 16.05 34.8697 132.6396 0.161 0.721
N.HTB 23.45 45.1001 142.4307 0.344 0.712
N.HYG 14.77 32.3654 131.5893 1.000 0.508
N.HYS 14.17 34.4237 136.0294 0.618 0.812
N.IAM 15.85 35.5729 134.3426 -0.021 0.634
N.IGW 15.92 36.9378 137.8480 -0.339 0.624
N.IHE 18.49 40.0811 141.1915 0.489 0.716
N.IIC 15.31 36.7084 139.7694 -0.507 0.691
N.IKI 19.10 40.6200 140.3497 0.538 0.752
N.IKK 14.83 33.6472 133.1444 0.199 0.705
N.IKN 15.78 34.1891 132.1260 0.482 0.779
N.IKT 15.14 33.4719 132.3072 -0.001 0.709
N.IMI 15.82 36.5736 136.9584 0.704 0.649
N.IMR 16.44 33.2656 129.8798 -0.074 0.682
N.INA 15.81 37.1723 139.5199 0.557 0.702
N.INE 15.60 35.7101 135.2496 0.777 0.577
N.INM 13.98 33.8252 135.2176 1.018 0.644
N.INW 16.17 37.6461 140.1735 0.335 0.611
N.ISG 14.69 36.1112 139.9889 0.530 0.628
N.IWA 16.17 34.8801 132.4208 0.197 0.831
N.IWZ 18.18 39.8020 141.6520 -0.071 0.704
N.IZM 15.27 32.4901 130.9046 0.324 0.550
N.IZS 15.53 35.4574 134.8621 0.650 0.610
N.IZU 15.31 35.9415 136.6990 0.013 0.576
N.JNS 15.75 34.8225 133.1674 0.220 0.562
N.KAI 20.28 41.8374 140.6331 -0.098 0.526
N.KAK 16.92 38.5158 141.3421 -0.696 0.595
N.KAM 15.21 35.1006 134.9037 0.593 0.863
N.KAN 18.03 39.6442 141.5977 0.181 0.761
N.KAS 17.84 39.4630 141.6775 -0.594 0.615
N.KAW 14.06 34.2925 136.0022 0.079 0.720
N.KHE 18.55 40.1533 141.4245 -0.615 0.579
N.KHK 15.82 33.1089 130.6949 -0.293 0.609
N.KHO 13.60 33.7644 135.9969 0.169 0.542
N.KHY 20.98 42.4851 139.9679 -0.452 0.740
N.KIG 14.94 32.6972 131.6829 1.110 0.599
N.KIW 15.99 33.4654 130.8285 0.326 0.660
N.KJN 18.64 40.2686 141.7831 0.411 0.722
N.KKA 22.20 43.8546 142.7656 0.776 0.512
N.KKC 15.67 32.9982 130.8300 0.086 0.752
N.KKI 16.28 32.9553 129.8026 0.475 0.657
N.KKW 17.30 38.9207 141.6377 0.292 0.509
N.KKY 16.20 33.8853 130.9795 -0.028 0.665
N.KMA 16.14 37.6636 140.5974 -0.095 0.857
N.KMB 21.18 42.7680 140.9766 0.370 0.619
N.KMG 15.28 34.8995 134.3284 0.494 0.716
N.KMI 17.65 39.2741 141.8233 0.024 0.641
N.KMK 16.19 37.5438 139.3648 0.895 0.619
N.KMN 21.06 42.6104 140.4841 -0.017 0.782
N.KMO 16.35 37.6527 139.0676 0.538 0.648
N.KMY 16.59 38.0813 140.2978 0.231 0.598
N.KMZ 22.24 43.8566 144.4574 -0.006 0.639
N.KNG 16.28 34.8839 132.2026 0.152 0.714
N.KOK 15.52 36.3779 137.3716 0.528 0.770
N.KOS 18.89 40.4563 140.8395 0.424 0.747
N.KRI 19.06 40.6091 140.6646 -0.069 0.517
N.KRM 18.65 40.2705 141.5709 -0.087 0.534
N.KRT 14.14 34.3061 135.8369 0.879 0.739
N.KRY 15.85 37.3530 140.4264 -0.544 0.580
N.KSA 15.76 34.7016 132.9524 0.731 0.719
N.KSB 15.78 35.2826 133.9263 -0.070 0.617
N.KSM 15.76 35.6208 134.6566 0.689 0.758
N.KTD 13.77 33.6894 135.4396 0.466 0.714
N.KTG 14.25 33.5421 134.1197 0.985 0.722
N.KTW 15.95 34.9137 132.9123 0.441 0.725
N.KUC 19.65 41.2340 140.9896 -0.386 0.645
N.KUM 20.63 42.1344 140.0040 0.175 0.622
N.KUR 15.59 34.2883 132.6411 0.639 0.574
N.KWB 14.93 33.5022 132.7480 1.118 0.627
N.KWM 14.70 32.2131 131.5307 -0.502 0.517
N.KWT 14.81 36.1131 139.2894 -0.091 0.697
N.KYD 14.52 33.8778 134.1295 1.037 0.756
N.KYE 15.50 36.8828 139.6459 0.323 0.759
N.KYM 21.43 43.0587 141.8063 0.163 0.629
N.KYO 21.41 42.9758 140.6220 0.055 0.752
N.KYW 15.53 36.8817 139.4534 -0.005 0.734
N.KZN 18.50 40.0622 140.8084 -0.158 0.688
N.MAK 15.91 37.0544 138.3966 0.784 0.681
N.MBE 20.95 42.5934 142.3521 1.101 0.612
N.MBW 20.87 42.5126 142.0381 0.474 0.541
N.MGW 14.00 34.3580 136.3293 0.708 0.579
N.MHS 16.29 35.5579 133.3004 0.664 0.605
N.MIG 15.52 34.5183 133.1375 0.742 0.766
N.MIT 16.22 34.6940 132.0402 0.750 0.657
N.MKJ 15.94 37.4703 140.7227 0.395 0.671
N.MKO 15.83 36.9425 138.2594 0.095 0.575
N.MKW 15.86 34.1974 131.9943 -0.437 0.615
N.MMT 15.41 32.1704 130.3647 -0.403 0.514
N.MNE 16.27 34.1111 131.1434 -0.714 0.503
N.MRM 16.33 37.6658 139.2610 0.100 0.735
N.MRR 20.82 42.4116 141.0017 0.504 0.815
N.MRU 15.97 37.4894 140.5380 -0.122 0.897
N.MSA 21.59 43.2300 141.8978 -0.166 0.617
N.MSM 15.58 32.6234 130.5584 0.062 0.704
N.MTM 16.27 34.4837 131.6329 0.189 0.515
N.MTO 16.23 34.2176 131.3597 -0.331 0.773
N.MUI 15.78 37.0533 138.9951 0.520 0.615
N.MYM 15.10 35.2685 135.5508 0.577 0.680
N.NAG 14.31 34.3228 135.4483 0.581 0.504
N.NAN 14.95 32.3470 131.2668 -0.203 0.584
N.NAZ 16.35 37.7565 139.7150 0.276 0.715
N.NFR 21.73 43.3841 142.5245 0.292 0.532
N.NGO 16.17 37.4272 138.8876 0.518 0.680
N.NGR 14.65 35.9118 139.1485 0.731 0.847
N.NGS 16.08 32.6999 129.8625 0.294 0.738
N.NGU 15.71 37.1616 140.0930 -0.484 0.612
N.NHW 18.67 40.2611 141.1709 -0.151 0.557
N.NIT 16.12 35.2235 133.0856 -0.313 0.592
N.NKE 16.95 38.4257 140.1249 0.463 0.664
N.NKM 14.20 34.1314 135.3244 0.315 0.601
N.NKN 15.61 36.7431 138.3759 0.733 0.741
N.NKO 15.38 35.0671 134.4234 0.771 0.775
N.NKT 13.52 33.6072 135.8619 0.660 0.650
N.NKW 16.93 38.3860 139.9916 0.622 0.573
N.NNM 15.81 37.2822 140.2144 0.223 0.608
N.NRA 14.90 32.1987 131.1946 0.398 0.631
N.NRK 17.32 38.8587 140.6513 0.232 0.706
N.NSM 15.56 32.1554 130.1191 0.540 0.626
N.NSN 18.27 39.8147 140.5790 -0.231 0.602
N.NTB 23.29 44.9387 142.2247 1.124 0.501
N.NUM 22.18 43.8203 141.9397 0.574 0.724
N.NYA 19.03 40.5488 140.2726 0.109 0.607
N.OBM 15.20 35.4573 135.7266 -0.072 0.727
N.ODT 18.76 40.3002 140.5812 -0.344 0.553
N.OHT 21.05 42.6476 141.0643 0.312 0.794
N.OKE 21.99 43.6352 143.5100 -0.377 0.651
N.OKY 15.42 34.7783 133.7890 -0.148 0.512
N.OMR 17.84 39.3548 140.3869 -0.645 0.509
N.OND 17.03 38.5793 140.7804 0.395 0.543
N.ONI 16.56 37.9881 139.8016 -0.005 0.658
N.ONP 23.13 44.7745 142.2542 0.115 0.584
N.OOC 16.28 35.0918 132.5308 0.868 0.549
N.OOT 14.45 32.8414 132.7066 0.038 0.662
N.OPE 22.73 44.3843 143.2407 0.392 0.580
N.ORE 22.46 44.0974 141.9621 -0.175 0.515
N.ORW 22.39 44.0254 141.7876 0.785 0.505
N.OTA 15.53 35.9483 136.0556 -0.321 0.706
N.OTO 13.71 33.6948 135.5953 0.240 0.611
N.OTU 14.96 35.2482 135.8671 0.647 0.713
N.OWS 13.80 34.0637 136.1689 0.063 0.521
N.RBS 22.09 43.7419 143.4514 -0.199 0.547
N.RKB 21.82 43.4683 143.6830 0.351 0.568
N.RZT 17.42 39.0307 141.5320 -0.377 0.530
N.SBA 15.14 32.4754 131.1043 -0.565 0.558
N.SBN 16.47 33.2122 129.7652 0.804 0.539
N.SBS 16.39 33.1256 129.8102 0.918 0.613
N.SCN 21.77 43.3848 144.6279 -0.446 0.619
N.SDA 16.29 35.2243 132.7223 0.214 0.625
N.SFN 23.69 45.3346 142.1185 0.168 0.572
N.SGO 15.87 35.0493 133.3169 0.553 0.693
N.SGR 14.55 34.8530 136.0316 0.581 0.756
N.SGU 15.21 34.9313 134.5423 0.542 0.740
N.SGW 15.96 33.5293 130.9503 0.171 0.711
N.SHK 16.30 37.0533 136.8206 0.653 0.602
N.SIK 14.99 32.9278 131.8695 0.630 0.548
N.SIN 14.78 33.9154 133.6497 0.404 0.644
N.SJO 14.98 33.8650 133.1840 0.977 0.657
N.SKS 21.52 43.1739 142.9176 0.299 0.787
N.SKW 16.74 38.1312 139.5426 0.300 0.619
N.SMA 13.73 34.2544 136.8216 0.722 0.704
N.SMG 15.83 37.2544 139.8725 -0.248 0.551
N.SNI 15.45 33.1306 131.3473 -0.142 0.537
N.SNN 21.52 43.1603 143.8936 -0.741 0.725
N.SNT 15.37 35.2925 134.9071 0.603 0.627
N.SNW 15.62 32.3152 130.1811 -0.487 0.682
N.SRI 16.24 33.1805 130.1048 0.819 0.609
N.SRM 22.44 44.0813 143.9455 0.381 0.575
N.SRU 20.06 41.5977 140.4207 0.987 0.580
N.SSM 13.61 33.5559 135.5454 0.769 0.731
N.SSY 15.03 35.0708 135.2811 0.663 0.622
N.STD 16.23 37.5386 139.1279 1.010 0.534
N.SWE 22.67 44.3207 142.7656 0.417 0.832
N.SWW 22.64 44.2921 142.6303 0.107 0.502
N.SYN 22.47 44.0640 144.9935 -0.433 0.586
N.SYO 15.52 35.0732 134.1162 0.724 0.602
N.SYS 22.32 43.9271 144.8075 0.302 0.586
N.SYT 15.70 34.0270 132.0626 0.233 0.593
N.SZN 20.70 42.3498 142.3572 1.130 0.631
N.SZW 15.79 37.0303 138.8521 0.290 0.525
N.TAG 14.78 35.2383 136.3599 0.918 0.818
N.TAK 15.30 32.9726 131.3984 -0.329 0.754
N.TAM 15.15 34.5070 133.8905 -0.146 0.517
N.TAR 16.04 33.3674 130.6355 0.617 0.534
N.TBE 15.06 33.7112 132.8032 0.288 0.717
N.TBR 15.07 33.9023 133.0658 0.428 0.547
N.TBT 16.02 36.7380 136.7906 0.557 0.522
N.TBY 14.89 36.2441 139.5443 -0.841 0.579
N.TDM 16.01 37.3421 139.3147 -0.420 0.588
N.TIS 14.40 34.5248 135.6608 0.726 0.685
N.TJO 14.97 34.9082 135.0844 0.615 0.788
N.TJR 14.44 34.3977 135.2836 -0.768 0.550
N.TKB 15.47 34.8684 133.8527 0.434 0.692
N.TKE 13.84 33.9692 135.8574 0.961 0.505
N.TKG 14.57 35.5143 137.8767 0.147 0.649
N.TKH 15.32 35.4907 135.4841 0.778 0.504
N.TKI 20.83 42.4865 143.1520 -0.338 0.726
N.TKJ 16.04 34.2091 131.6859 -0.275 0.764
N.TKW 13.92 33.9666 135.6489 0.265 0.617
N.TMG 16.36 34.6257 131.6681 -0.060 0.552
N.TMY 18.22 39.8250 141.3826 0.167 0.507
N.TOG 15.67 36.4406 137.0392 0.569 0.713
N.TOU 17.74 39.3340 141.3015 -0.764 0.556
N.TOW 17.19 38.7860 141.3254 0.000 1.000
N.TRG 15.26 35.6390 136.0303 0.766 0.517
N.TRO 18.11 39.7435 141.9087 0.129 0.613
N.TRS 21.51 43.1358 144.3275 0.950 0.567
N.TSM 14.69 33.0556 132.5552 0.733 0.697
N.TTA 15.71 34.9103 133.4055 0.380 0.713
N.TTK 18.72 40.2962 141.0145 -0.358 0.665
N.TTN 15.02 36.0088 137.9305 0.250 0.572
N.TUN 22.54 44.1920 143.0767 0.395 0.752
N.TUS 22.46 44.1146 143.0111 0.659 0.833
N.TWA 16.30 37.6708 139.4648 1.043 0.699
N.TWE 18.99 40.5846 141.1547 0.582 0.768
N.TWW 19.00 40.5800 140.9950 0.340 0.827
N.TYR 21.16 42.8114 143.5203 -0.313 0.649
N.TYT 23.47 45.1019 141.7831 0.715 0.646
N.TYU 16.41 34.1349 130.9323 -0.413 0.623
N.TZW 17.26 38.7498 140.1780 -0.286 0.545
N.UME 15.05 32.8486 131.6786 0.259 0.508
N.UMI 16.22 33.5608 130.5499 1.084 0.617
N.UMY 15.15 36.5595 139.8637 0.708 0.642
N.UNS 23.09 44.7433 142.6039 0.931 0.586
N.WNN 23.85 45.4883 141.8850 -0.124 0.520
N.WNW 23.63 45.2531 141.6334 0.259 0.611
N.YAB 15.31 32.6501 131.0251 0.185 0.683
N.YBR 15.81 35.1809 133.6765 -0.088 0.524
N.YGD 16.53 37.3644 137.0413 0.464 0.733
N.YIT 15.45 36.8625 139.8364 0.175 0.749
N.YKW 14.64 31.2066 130.6183 0.749 0.740
N.YMD 17.84 39.4734 141.9336 -0.051 0.566
N.YMG 15.62 33.4581 131.4429 -0.324 0.618
N.YMS 15.25 35.0322 134.6701 -0.110 0.521
N.YND 14.82 33.5388 133.0016 1.031 0.724
N.YNT 15.95 37.2239 138.9821 0.731 0.638
N.YOT 14.72 35.4865 137.2464 0.337 0.682
N.YSD 16.18 35.1634 132.8558 0.076 0.632
N.YTO 15.76 36.5711 137.1595 0.000 0.575
N.YUB 21.35 42.9930 142.0085 0.220 0.663
N.YZE 14.35 34.6413 136.0512 -0.319 0.608
