PKiKP 528 -0.0099  0.0059 -0.0099  0.0059   0.0  0.0s no
PKiKP 529  0.0081 -0.0097  0.0100 -0.0100  -1.0  2.0s 2-4
PKiKP 532  0.0049 -0.0085 -0.0050 -0.0075  -2.0  2.0s
PKiKP 533  0.0050 -0.0085  0.0025 -0.0100   0.0  3.0s
PKiKP 537 -0.0118  0.0058 -0.0125  0.0100  -2.0  3.5s
PKiKP 540 -0.0102  0.0055 -0.0075  0.0075   1.0  3.0s
PKiKP 542 -0.0099  0.0059 -0.0075  0.0100   0.0 15.0s
PKiKP 543 -0.0101  0.0061 -0.0100  0.0050   4.0  6.0s
PKiKP 544 -0.0101  0.0061 -0.0050  0.0075   4.0  6.0s
PKiKP 546 -0.0098  0.0057 -0.0050  0.0125   1.0  4.0s
PKiKP 549 -0.0118  0.0058 -0.0100  0.0050  -1.0  1.0s
PKiKP 551  0.0061 -0.0086  0.0075 -0.0075  12.0 15.0s
PKiKP 552 -0.0101  0.0055 -0.0025  0.0000   1.0  3.0s
PKiKP 554 -0.0113  0.0061 -0.0100  0.0050  -2.0  3.0s
PKiKP 555 -0.0103  0.0075 -0.0100  0.0075  -2.0  3.0s
PKiKP 556 -0.0122  0.0051 -0.0125  0.0100   0.0  3.0s
PKiKP 557  0.0046 -0.0086  0.0050 -0.0100  -1.5  5.0s
