A010z 164.68 46.6886 -106.2222 0.085 0.960
A041z 164.68 46.7021 -106.2237 -0.000 0.992
A043z 164.69 46.6828 -106.2045 0.027 0.954
A045z 164.67 46.6807 -106.2385 0.055 0.956
A052z 164.69 46.6987 -106.2005 0.027 0.966
A056z 164.66 46.6964 -106.2458 0.069 0.964
A061z 164.68 46.7110 -106.2246 0.078 0.967
A063z 164.70 46.6788 -106.1927 0.040 0.936
A072z 164.70 46.7038 -106.1897 0.077 0.960
A074z 164.68 46.6617 -106.2193 -0.027 0.859
A076z 164.65 46.7003 -106.2576 0.091 0.976
A083z 164.71 46.6749 -106.1809 -0.059 0.953
A085z 164.65 46.6709 -106.2601 0.045 0.951
B110z 164.77 46.7523 -106.0913 -0.026 0.942
B142z 164.78 46.7590 -106.0742 -0.010 0.939
B144z 164.77 46.7388 -106.0914 0.010 0.965
B146z 164.76 46.7590 -106.1083 0.038 0.953
B151z 164.77 46.7702 -106.0912 0.061 0.955
B153z 164.79 46.7433 -106.0686 -0.012 0.953
B155z 164.76 46.7433 -106.1140 -0.030 0.960
B162z 164.79 46.7635 -106.0628 0.043 0.948
B164z 164.77 46.7298 -106.0914 -0.064 0.947
B166z 164.75 46.7636 -106.1197 0.012 0.964
B171z 164.77 46.7793 -106.0912 0.008 0.940
B173z 164.79 46.7388 -106.0573 -0.031 0.947
B175z 164.75 46.7388 -106.1254 -0.011 0.970
B182z 164.80 46.7680 -106.0514 0.009 0.951
B184z 164.77 46.7208 -106.0915 -0.060 0.949
B186z 164.75 46.7681 -106.1310 0.031 0.954
B210z 164.72 46.6350 -106.1626 -0.233 0.916
B242z 164.73 46.6428 -106.1465 -0.215 0.909
B244z 164.72 46.6216 -106.1609 -0.267 0.913
B246z 164.70 46.6407 -106.1804 -0.100 0.936
B251z 164.72 46.6529 -106.1649 -0.221 0.945
B253z 164.73 46.6274 -106.1388 -0.178 0.911
B255z 164.70 46.6247 -106.1840 -0.171 0.898
B262z 164.74 46.6480 -106.1358 -0.200 0.931
B264z 164.72 46.6126 -106.1597 -0.321 0.901
B266z 164.70 46.6445 -106.1923 -0.094 0.948
B271z 164.72 46.6619 -106.1661 -0.136 0.947
B273z 164.74 46.6237 -106.1270 -0.304 0.918
B275z 164.69 46.6195 -106.1947 -0.154 0.905
B282z 164.74 46.6531 -106.1251 -0.173 0.926
B284z 164.72 46.6037 -106.1585 -0.336 0.911
B286z 164.69 46.6483 -106.2042 -0.008 0.905
B310z 164.61 46.6592 -106.3172 -0.042 0.959
B342z 164.62 46.6585 -106.2976 -0.077 0.959
B344z 164.60 46.6479 -106.3279 -0.064 0.951
B346z 164.61 46.6712 -106.3261 -0.002 0.973
B351z 164.62 46.6743 -106.3029 -0.057 0.962
B353z 164.62 46.6432 -106.3054 -0.119 0.944
B355z 164.59 46.6602 -106.3434 0.034 0.945
B362z 164.63 46.6580 -106.2845 -0.022 0.956
B364z 164.60 46.6404 -106.3351 -0.116 0.954
B366z 164.60 46.6793 -106.3320 -0.038 0.966
B371z 164.63 46.6818 -106.2957 -0.040 0.967
B373z 164.62 46.6351 -106.2995 -0.234 0.943
B375z 164.58 46.6607 -106.3565 0.055 0.948
B382z 164.64 46.6575 -106.2714 -0.045 0.951
B384z 164.59 46.6329 -106.3423 -0.064 0.930
B386z 164.60 46.6873 -106.3380 -0.011 0.978
B410z 164.67 46.7680 -106.2431 0.101 0.976
B442z 164.68 46.7711 -106.2240 0.124 0.962
B444z 164.66 46.7551 -106.2488 0.167 0.922
B446z 164.66 46.7779 -106.2566 0.075 0.946
B451z 164.68 46.7853 -106.2355 0.103 0.954
B453z 164.68 46.7549 -106.2251 0.080 0.950
B455z 164.65 46.7639 -106.2687 0.070 0.955
B462z 164.69 46.7732 -106.2112 0.101 0.966
B464z 164.66 46.7465 -106.2526 0.105 0.966
B466z 164.65 46.7844 -106.2656 0.055 0.898
B471z 164.68 46.7939 -106.2317 0.107 0.959
B473z 164.69 46.7484 -106.2162 0.083 0.961
B475z 164.64 46.7619 -106.2815 0.101 0.969
B482z 164.70 46.7752 -106.1984 0.143 0.965
B484z 164.66 46.7379 -106.2564 0.081 0.956
B486z 164.65 46.7910 -106.2746 0.118 0.935
C110z 164.75 46.8394 -106.1272 0.059 0.939
C142z 164.77 46.8421 -106.1079 0.045 0.928
C144z 164.75 46.8266 -106.1335 0.043 0.940
C146z 164.74 46.8495 -106.1403 0.016 0.920
C153z 164.76 46.8260 -106.1098 0.074 0.926
C155z 164.73 46.8358 -106.1530 0.024 0.918
C162z 164.77 46.8439 -106.0950 0.062 0.936
C164z 164.74 46.8181 -106.1377 0.052 0.950
C166z 164.74 46.8563 -106.1490 -0.033 0.900
C171z 164.76 46.8650 -106.1147 0.045 0.919
C173z 164.77 46.8192 -106.1011 0.054 0.956
C175z 164.73 46.8340 -106.1659 0.043 0.902
C182z 164.78 46.8457 -106.0821 0.008 0.941
C184z 164.74 46.8096 -106.1418 0.014 0.956
C186z 164.73 46.8630 -106.1577 0.050 0.913
C210z 164.82 46.6696 -106.0119 -0.108 0.949
C242z 164.83 46.6765 -105.9950 -0.232 0.928
C244z 164.82 46.6562 -106.0117 -0.122 0.936
C246z 164.81 46.6762 -106.0290 -0.116 0.946
C251z 164.82 46.6876 -106.0122 -0.181 0.914
C253z 164.84 46.6609 -105.9890 -0.259 0.929
C255z 164.81 46.6604 -106.0344 -0.189 0.962
C262z 164.84 46.6811 -105.9837 -0.175 0.940
C264z 164.82 46.6472 -106.0116 -0.204 0.950
C266z 164.80 46.6806 -106.0404 -0.133 0.957
C271z 164.82 46.6966 -106.0123 -0.205 0.932
C273z 164.84 46.6565 -105.9776 -0.311 0.931
C275z 164.81 46.6513 -106.0344 -0.169 0.957
C282z 164.85 46.6857 -105.9724 -0.195 0.951
C284z 164.82 46.6382 -106.0114 -0.208 0.962
C286z 164.80 46.6850 -106.0518 -0.135 0.949
C310z 164.65 46.5742 -106.2498 -0.240 0.915
C342z 164.66 46.5794 -106.2317 -0.224 0.922
C344z 164.65 46.5608 -106.2524 -0.254 0.932
C346z 164.64 46.5824 -106.2654 -0.262 0.914
C351z 164.66 46.5920 -106.2464 -0.184 0.919
C353z 164.67 46.5633 -106.2291 -0.225 0.894
C355z 164.63 46.5673 -106.2740 -0.305 0.941
C362z 164.67 46.5828 -106.2196 -0.260 0.888
C364z 164.65 46.5519 -106.2541 -0.276 0.929
C366z 164.64 46.5879 -106.2757 -0.296 0.930
C371z 164.66 46.6009 -106.2446 -0.174 0.929
C373z 164.67 46.5578 -106.2187 -0.227 0.867
C375z 164.63 46.5639 -106.2861 -0.276 0.928
C382z 164.68 46.5862 -106.2075 -0.194 0.890
C384z 164.65 46.5430 -106.2558 -0.268 0.927
C386z 164.63 46.5934 -106.2861 -0.270 0.937
C410z 164.58 46.7354 -106.3743 0.133 0.947
C441z 164.58 46.7489 -106.3745 0.145 0.939
C443z 164.59 46.7287 -106.3572 0.153 0.953
C445z 164.56 46.7285 -106.3913 0.128 0.940
C452z 164.59 46.7444 -106.3517 0.162 0.949
C454z 164.58 46.7174 -106.3742 0.172 0.947
C456z 164.56 46.7443 -106.3972 0.161 0.943
C461z 164.58 46.7579 -106.3746 0.198 0.949
C465z 164.56 46.7240 -106.4026 0.133 0.955
C472z 164.60 46.7490 -106.3404 -0.046 0.943
C474z 164.58 46.7084 -106.3740 0.126 0.952
C476z 164.55 46.7487 -106.4085 0.119 0.904
C481z 164.58 46.7668 -106.3747 0.136 0.891
C483z 164.60 46.7198 -106.3344 0.058 0.951
C485z 164.55 46.7195 -106.4139 0.088 0.961
D110z 164.92 46.8402 -105.8885 0.012 0.937
D141z 164.91 46.8534 -105.8924 0.021 0.932
D143z 164.93 46.8359 -105.8698 -0.082 0.928
D145z 164.91 46.8312 -105.9032 -0.008 0.925
D156z 164.90 46.8458 -105.9134 0.025 0.914
D161z 164.91 46.8622 -105.8951 0.001 0.915
D163z 164.94 46.8331 -105.8573 -0.121 0.930
D165z 164.90 46.8252 -105.9131 -0.022 0.921
D172z 164.94 46.8581 -105.8589 -0.080 0.926
D174z 164.92 46.8138 -105.8806 -0.015 0.927
D176z 164.89 46.8486 -105.9259 0.029 0.929
D181z 164.91 46.8710 -105.8977 0.027 0.916
D183z 164.95 46.8303 -105.8448 -0.082 0.934
D185z 164.89 46.8192 -105.9229 -0.006 0.946
D223z 164.82 46.5011 -106.0045 -0.350 0.915
D226z 164.81 46.5055 -106.0160 -0.393 0.932
D242z 164.82 46.5103 -105.9934 -0.463 0.922
D244z 164.81 46.4898 -106.0099 -0.373 0.890
D246z 164.80 46.5098 -106.0274 -0.390 0.935
D251z 164.81 46.5213 -106.0107 -0.405 0.944
D253z 164.83 46.4946 -105.9874 -0.508 0.913
D255z 164.80 46.4940 -106.0326 -0.369 0.911
D262z 164.83 46.5149 -105.9822 -0.424 0.914
D264z 164.81 46.4808 -106.0096 -0.421 0.886
D266z 164.79 46.5141 -106.0388 -0.360 0.939
D271z 164.81 46.5303 -106.0109 -0.380 0.903
D273z 164.83 46.4903 -105.9759 -0.500 0.919
D282z 164.84 46.5196 -105.9710 -0.427 0.899
D284z 164.81 46.4718 -106.0094 -0.471 0.880
D286z 164.79 46.5185 -106.0502 -0.377 0.923
D310z 164.49 46.5501 -106.4810 -0.337 0.904
D342z 164.50 46.5492 -106.4614 -0.349 0.850
D344z 164.48 46.5388 -106.4918 -0.262 0.940
D346z 164.49 46.5621 -106.4898 -0.238 0.928
D351z 164.50 46.5651 -106.4667 -0.334 0.829
D353z 164.50 46.5340 -106.4693 -0.366 0.908
D355z 164.47 46.5511 -106.5071 -0.265 0.937
D362z 164.51 46.5487 -106.4484 -0.287 0.800
D364z 164.48 46.5313 -106.4990 -0.252 0.940
D366z 164.48 46.5702 -106.4957 -0.282 0.923
D371z 164.51 46.5726 -106.4595 -0.403 0.741
D373z 164.50 46.5259 -106.4634 -0.342 0.873
D375z 164.46 46.5517 -106.5202 -0.269 0.924
D382z 164.52 46.5481 -106.4353 -0.310 0.688
D386z 164.48 46.5782 -106.5016 -0.205 0.887
D410z 164.58 46.9420 -106.3838 -0.138 0.893
D441z 164.58 46.9553 -106.3808 -0.093 0.911
D443z 164.59 46.9335 -106.3684 -0.057 0.888
D445z 164.57 46.9371 -106.4022 -0.123 0.906
D452z 164.60 46.9485 -106.3593 -0.187 0.873
D454z 164.58 46.9237 -106.3876 -0.077 0.890
D456z 164.57 46.9533 -106.4044 -0.137 0.891
D461z 164.59 46.9642 -106.3789 -0.081 0.879
D463z 164.60 46.9279 -106.3581 -0.040 0.891
D465z 164.56 46.9338 -106.4145 -0.149 0.878
D472z 164.61 46.9518 -106.3470 -0.221 0.833
D474z 164.58 46.9148 -106.3896 -0.115 0.875
D476z 164.56 46.9589 -106.4147 -0.143 0.909
D481z 164.59 46.9731 -106.3769 -0.091 0.897
D483z 164.61 46.9223 -106.3478 -0.097 0.892
D485z 164.55 46.9306 -106.4268 -0.175 0.864
E110z 164.81 47.1628 -106.0556 -0.066 0.922
E141z 164.82 47.1763 -106.0556 -0.041 0.880
E143z 164.83 47.1560 -106.0385 -0.139 0.922
E145z 164.80 47.1561 -106.0728 -0.098 0.930
E152z 164.83 47.1717 -106.0327 -0.130 0.918
E154z 164.81 47.1448 -106.0557 -0.055 0.907
E156z 164.80 47.1718 -106.0785 -0.122 0.878
E161z 164.82 47.1853 -106.0555 -0.058 0.894
E163z 164.83 47.1515 -106.0270 -0.104 0.918
E165z 164.79 47.1516 -106.0843 -0.122 0.915
E172z 164.84 47.1763 -106.0212 -0.078 0.904
E174z 164.81 47.1358 -106.0558 -0.049 0.916
E176z 164.79 47.1763 -106.0899 -0.130 0.890
E181z 164.82 47.1942 -106.0555 -0.098 0.896
E183z 164.84 47.1470 -106.0156 -0.078 0.904
E185z 164.79 47.1471 -106.0958 -0.144 0.895
E210z 165.26 46.5160 -105.3622 -0.522 0.855
E242z 165.27 46.5192 -105.3431 -0.433 0.836
E244z 165.26 46.5031 -105.3679 -0.581 0.853
E246z 165.25 46.5258 -105.3756 -0.499 0.849
E251z 165.27 46.5333 -105.3546 -0.475 0.863
E253z 165.27 46.5031 -105.3444 -0.558 0.914
E255z 165.24 46.5121 -105.3877 -0.518 0.888
E262z 165.28 46.5214 -105.3304 -0.469 0.814
E264z 165.25 46.4945 -105.3717 -0.484 0.809
E266z 165.25 46.5323 -105.3845 -0.464 0.914
E271z 165.27 46.5419 -105.3508 -0.464 0.885
E273z 165.28 46.4966 -105.3354 -0.558 0.810
E275z 165.23 46.5096 -105.4004 -0.498 0.792
E284z 165.25 46.4858 -105.3755 -0.539 0.839
E286z 165.24 46.5388 -105.3935 -0.486 0.881
E310z 164.56 46.1497 -106.3345 -0.595 0.930
E321z 164.56 46.1766 -106.3356 -0.544 0.917
E323z 164.58 46.1368 -106.3002 -0.567 0.930
E325z 164.53 46.1357 -106.3677 -0.575 0.873
E332z 164.59 46.1660 -106.2959 -0.572 0.923
E334z 164.56 46.1182 -106.3333 -0.550 0.898
E336z 164.53 46.1647 -106.3744 -0.574 0.857
E341z 164.56 46.2034 -106.3366 -0.627 0.929
E343z 164.60 46.1239 -106.2660 -0.757 0.887
E345z 164.51 46.1215 -106.4008 -0.650 0.836
E352z 164.61 46.1828 -106.2647 -0.675 0.923
E354z 164.55 46.0913 -106.3323 -0.553 0.899
E356z 164.51 46.1784 -106.4093 -0.623 0.868
E361z 164.60 46.2127 -106.2850 -0.553 0.856
E362z 164.63 46.1522 -106.2310 -0.598 0.919
E363z 164.59 46.0881 -106.2803 -0.555 0.897
E364z 164.52 46.0890 -106.3839 -0.719 0.860
E365z 164.49 46.1502 -106.4376 -0.579 0.917
E373z 164.63 46.1111 -106.2323 -0.604 0.907
E375z 164.48 46.1092 -106.4362 -0.673 0.849
E382z 164.63 46.1948 -106.2299 -0.586 0.898
E384z 164.55 46.0639 -106.3293 -0.541 0.885
E386z 164.49 46.1927 -106.4423 -0.623 0.885
E410z 164.20 46.7629 -106.9187 -0.254 0.903
E441z 164.21 46.7752 -106.9107 -0.262 0.867
E443z 164.21 46.7519 -106.9071 -0.301 0.915
E445z 164.19 46.7616 -106.9383 -0.311 0.890
E452z 164.22 46.7646 -106.8926 -0.265 0.855
E454z 164.20 46.7466 -106.9294 -0.318 0.914
E456z 164.19 46.7776 -106.9342 -0.309 0.908
E461z 164.22 46.7834 -106.9054 -0.244 0.887
E463z 164.22 46.7446 -106.8994 -0.247 0.914
E465z 164.18 46.7607 -106.9513 -0.319 0.922
E472z 164.23 46.7655 -106.8795 -0.272 0.886
E474z 164.19 46.7384 -106.9347 -0.260 0.902
E476z 164.19 46.7849 -106.9419 -0.333 0.904
E481z 164.22 46.7916 -106.9000 -0.349 0.815
E483z 164.22 46.7373 -106.8917 -0.335 0.914
E485z 164.17 46.7599 -106.9644 -0.321 0.914
F110z 165.41 47.3753 -105.1843 -0.249 0.795
F141z 165.42 47.3884 -105.1791 -0.148 0.817
F143z 165.42 47.3659 -105.1703 -0.151 0.813
F145z 165.40 47.3716 -105.2036 -0.061 0.753
F152z 165.43 47.3801 -105.1586 -0.168 0.814
F154z 165.41 47.3579 -105.1913 -0.245 0.797
F156z 165.40 47.3879 -105.2031 -0.049 0.814
F161z 165.42 47.3971 -105.1756 -0.141 0.830
F163z 165.43 47.3596 -105.1609 -0.191 0.795
F165z 165.39 47.3693 -105.2164 -0.083 0.840
F172z 165.44 47.3826 -105.1458 -0.158 0.796
F174z 165.41 47.3497 -105.1944 -0.229 0.832
F176z 165.39 47.3942 -105.2124 -0.015 0.815
F181z 165.42 47.4058 -105.1721 -0.180 0.806
F183z 165.43 47.3533 -105.1516 -0.196 0.784
F185z 165.38 47.3668 -105.2292 -0.044 0.843
F210z 165.12 45.9121 -105.4834 -0.885 0.902
F241z 165.12 45.9247 -105.4902 -0.840 0.910
F243z 165.14 45.9101 -105.4643 -0.879 0.906
F245z 165.12 45.9016 -105.4957 -0.908 0.916
F252z 165.14 45.9261 -105.4670 -0.894 0.910
F254z 165.13 45.8954 -105.4743 -0.941 0.900
F256z 165.11 45.9149 -105.5089 -0.810 0.925
F261z 165.12 45.9331 -105.4948 -0.858 0.896
F263z 165.15 45.9087 -105.4516 -0.900 0.909
F265z 165.11 45.8946 -105.5039 -0.892 0.910
F272z 165.14 45.9331 -105.4588 -0.904 0.912
F274z 165.13 45.8870 -105.4698 -0.849 0.922
F281z 165.12 45.9415 -105.4981 -0.836 0.914
F283z 165.16 45.9073 -105.4388 -0.877 0.887
F310z 164.02 45.9763 -107.0842 -0.518 0.781
F341z 164.02 45.9897 -107.0863 -0.549 0.833
F343z 164.03 45.9708 -107.0664 -0.596 0.838
F345z 164.01 45.9684 -107.0998 -0.585 0.721
F352z 164.04 45.9868 -107.0633 -0.466 0.770
F354z 164.02 45.9584 -107.0813 -0.575 0.770
F356z 164.00 45.9837 -107.1078 -0.485 0.784
F361z 164.02 45.9987 -107.0878 -0.513 0.827
F363z 164.04 45.9671 -107.0545 -0.589 0.821
F365z 164.00 45.9632 -107.1102 -0.534 0.717
F372z 164.04 45.9921 -107.0529 -0.530 0.867
F374z 164.02 45.9494 -107.0798 -0.586 0.825
F376z 164.00 45.9874 -107.1197 -0.595 0.742
F381z 164.02 46.0076 -107.0892 -0.478 0.908
F383z 164.05 45.9634 -107.0427 -0.585 0.875
F385z 163.99 45.9579 -107.1206 -0.575 0.688
F410z 164.22 47.4132 -106.9458 -0.685 0.882
F442z 164.23 47.4218 -106.9306 -0.754 0.867
F444z 164.22 47.3999 -106.9423 -0.704 0.907
F446z 164.20 47.4179 -106.9645 -0.756 0.886
F451z 164.21 47.4310 -106.9505 -0.789 0.854
F453z 164.23 47.4069 -106.9208 -0.662 0.861
F455z 164.20 47.4017 -106.9661 -0.740 0.902
F462z 164.23 47.4276 -106.9204 -0.721 0.901
F464z 164.22 47.3910 -106.9399 -0.754 0.890
F466z 164.19 47.4210 -106.9771 -0.683 0.857
F471z 164.21 47.4398 -106.9529 -0.731 0.868
F473z 164.24 47.4038 -106.9083 -0.696 0.903
F475z 164.19 47.3960 -106.9763 -0.779 0.914
F482z 164.24 47.4333 -106.9102 -0.700 0.877
F484z 164.22 47.3822 -106.9376 -0.680 0.902
F486z 164.19 47.4242 -106.9896 -0.757 0.839
