ABPO -19.018 47.229 1528
ADK 51.882 -176.684 130
AFI -13.909 -171.783 706
ANMO 34.946 -106.457 1816
ANTO 39.868 32.793 1090
ASCN -7.933 -14.36 173
BBSR 32.371 -64.696 30
BILL 68.065 166.453 320
BOSA -28.614 25.256 1306
CASY -66.279 110.535 10
CCM 38.056 -91.245 172
CHTO 18.814 98.944 420
CMLA 37.764 -25.524 429
COCO -12.19 96.835 1
COLA 64.874 -147.862 200
COR 44.586 -123.305 110
CPUP -26.331 -57.331 100
CTAO -20.088 146.25 367
DAV 7.07 125.579 150
DBIC 6.67 -4.857 161
DGAR -7.412 72.453 1
DUG 40.195 -112.813 1477
DWPF 28.11 -81.433 30
EFI -51.675 -58.064 110
ERM 42.015 143.157 40
ESK 55.317 -3.205 242
FFC 54.725 -101.978 338
FUNA -8.526 179.197 20
FURI 8.895 38.68 2570
GNI 40.148 44.741 1609
GRFO 49.691 11.22 285
GUMO 13.589 144.868 170
HKT 29.965 -95.838 -381
HNR -9.439 159.947 99
HOPE -54.284 -36.488 20
HRV 42.506 -71.558 200
IBFO 48.331902 8.3311 0
INCN 37.478 126.624 55
JOHN 16.733 -169.529 2
JTS 10.291 -84.953 340
KAPI -5.014 119.752 300
KBL 34.541 69.043 1913
KBS 78.915 11.938 90
KDAK 57.783 -152.583 152
KEV 69.757 27.003 85
KIP 21.42 -158.011 77
KIV 43.955 42.686 1054
KMBO -1.127 37.252 1930
KONO 59.649 9.598 216
KOWA 14.497 -4.014 321
KURK 50.715 78.62 184
LBTB -25.015 25.597 1148
LCO -29.011 -70.701 2274
LPAZ -16.288 -68.131 4786LPB
LSZ -15.278 28.188 1200
LVC -22.613 -68.911 2930
LVZ 67.898 34.651 630
MA2 59.576 150.77 335
MACI 28.25 -16.508 1674
MAJO 36.546 138.204 405
MAKZ 46.808 81.977 600
MBAR -0.602 30.738 1390
MBWA -21.159 119.731 190
MIDW 28.216 -177.37 20
MSEY -4.6737 55.4792 0
MSVF -4.674 55.479 475
NIL 33.651 73.269 629
NNA -11.988 -76.842 575
NWAO -32.928 117.239 380
OBN 55.115 36.567 160
OTAV 0.238 -78.451 3509
PAB 39.545 -4.35 950
PALK 7.273 80.702 460
PAYG -0.674 -90.286 270
PET 53.023 158.65 96
PFO 33.611 -116.456 1280
PLCA-40.733 -70.551 1049
PMG -9.405 147.16 90
PMSA -64.774 -64.049 40
POHA 19.757 -155.533 1990
QSPA -89.929 144.438 2600
RAO -29.245 -177.929 60
RAR -21.212 -159.773 28
RAYN 23.523 45.503 631
RCBR -5.827 -35.901 400
RPN -27.127 -109.334 110
RSSD 44.121 -104.036 2090
SACV 14.97 -23.608 387
SAML -8.949 -63.183 120
SBA -77.849 166.757 50
SDV 8.884 -70.634 1590
SFJD 66.996 -50.621 330
SIMI 38.6585 69.0083 0
SJG 18.109 -66.15 420
SLBS 23.686 -109.944 825
SNZO -41.309 174.704 120
SSPA 40.636 -77.888 270
TARA 1.355 172.923 20
TATO 24.974 121.497 160
TAU -42.91 147.32 132
TIXI 71.634 128.867 40
TRIS -37.068 -12.315 58
TRQA -38.057 -61.979 540
TSUM -19.202 17.584 1260
TUC 32.31 -110.785 910
ULN 47.865 107.053 1610
UOSS 24.9453 56.2042 0
VNDA -77.517 161.853 98
WAKE 19.283 166.652 20
WCI 38.229 -86.294 210
WRAB -19.934 134.36 366
WVT 36.13 -87.83 170
XMAS 2.045 -157.446 19
XPFO 33.6107 -116.4555 0
YAK 62.031 129.68 96
YSS 46.959 142.76 148