15581 41.75120  103.39600   -0.438    0.020    10
15582 41.69090  104.00240   -0.545    0.067    17
15583 41.55730  104.81680   -0.723    0.070    17
15584 41.74470  103.11110   -0.520    0.045    16
15585 41.16970  104.91070   -0.478    0.076    15
15586 41.16700  104.14510   -0.338    0.053    18
15587 41.15570  103.81910   -0.297    0.022    12
15588 40.81040  105.15120   -0.467    0.029     9
15589 40.75700  104.44200   -0.250    0.065    14
15590 40.41450  105.43350   -0.479    0.073    17
15591 40.49470  104.74920   -0.243    0.056    17
15593 40.33850  105.75840   -0.634    0.076    14
15594 40.15610  105.49300   -0.491    0.067    13
15596 39.90980  105.69410   -0.145    0.082     8
15597 39.51140  106.40100   -0.464    0.078    13
15599 40.81750  103.67070   -0.297    0.045    15
15600 40.63790  104.07440   -0.202    0.050    16
15601 40.33640  104.27990   -0.239    0.065    16
15602 40.06400  104.93090   -0.252    0.044    17
15603 40.02630  104.31400   -0.156    0.044    17
15604 40.02830  103.51000   -0.254    0.059    17
15605 40.02560  103.86260   -0.182    0.036    16
15606 39.90510  103.15490   -0.413    0.047    15
15607 39.80180  104.88510   -0.264    0.061    18
15608 39.77090  104.45240   -0.423    0.068    16
15609 39.74590  103.95410   -0.357    0.062    15
15610 39.69160  102.81700   -0.474    0.031    14
15611 39.70030  103.60180   -0.565    0.033    13
15612 39.60790  104.70910   -0.277    0.068    18
15613 39.47230  103.44970   -0.408    0.057    16
15614 39.61060  105.07870   -0.162    0.091    18
15615 39.53480  105.39500   -0.056    0.060    12
15616 39.47520  104.06990   -0.390    0.031    11
15617 39.15740  104.17320   -0.555    0.094    12
15618 38.98210  105.68730   -0.537    0.082    12
15620 40.81610  103.01610   -0.353    0.039    18
15621 40.59690  103.01410   -0.342    0.046    13
15622 40.58370  103.60460   -0.322    0.051    19
15623 40.28410  103.04850   -0.464    0.056    16
15624 40.36370  103.82590   -0.177    0.027    17
15625 39.83850  105.31400   -0.301    0.073    16
15626 39.34870  105.02730   -0.454    0.075    12
15628 39.28760  105.71900   -0.189    0.047    10
15631 38.00940  103.60750   -0.116    0.014     9
15632 38.33100  103.61020   -0.266    0.059    18
15633 38.19820  103.64790   -0.232    0.060    16
15634 38.23060  103.95350   -0.196    0.048    17
15635 37.85260  104.02030    1.691    0.069    10
15636 38.61770  104.09840   -0.955    0.022    12
15637 37.97120  104.14910   -0.225    0.067    18
15638 38.77110  104.16720   -1.007    0.079    17
15639 38.68140  104.25230   -0.664    0.070    16
15640 38.14120  104.25590   -0.161    0.064    17
15641 37.46970  104.25940    0.022    0.054    17
15642 38.51020  104.27060   -0.624    0.073    18
15643 37.71700  104.31740   -0.171    0.026    11
15644 38.39400  104.62940   -0.336    0.096    19
15645 38.21480  104.61690   -0.212    0.081    17
15646 37.89850  104.69540   -0.229    0.018    10
15647 37.65690  104.82150   -0.242    0.040    14
15648 38.66370  104.84940   -0.619    0.080    16
15649 38.14160  104.91380   -0.303    0.055    16
15650 37.89140  105.00240   -0.341    0.038    10
15651 38.39210  105.08730   -0.736    0.080    14
15652 38.58480  105.14190   -0.829    0.084    17
15653 37.76230  105.20510   -0.255    0.047    12
15654 38.02060  105.29290   -0.642    0.081    16
15656 38.75380  105.36880   -0.539    0.045     7
15657 37.85340  105.53570   -0.638    0.099    15
15658 38.24580  105.60730   -0.702    0.090    17
15660 38.06710  105.67570   -0.763    0.077    16
15661 41.54650  105.22610   -0.719    0.069    13
15662 40.99660  105.34310   -0.651    0.028     8
15663 41.67620  105.61580   -0.661    0.049    14
15664 40.69250  105.93960   -0.174    0.074    12
15665 41.17820  105.82030   -0.306    0.067    13
15666 41.38530  106.14540   -0.311    0.045    12
15667 41.90400  106.24030   -0.667    0.085     3
15668 40.86020  106.00530   -0.278    0.073    14
1566A 37.62950  103.96300   -0.004    0.064    18
15671 41.63650  106.70080   -0.375    0.081    13
15672 40.42080  106.76260    0.051    0.093     9
15673 40.98310  106.90770    0.181    0.086     6
15674 42.13930  106.89400   -0.453    0.074     3
15675 40.63910  107.01670    0.163    0.081     8
15676 41.44360  107.15330   -0.319    0.086    17
15677 42.00640  107.43960   -0.519    0.063    11
15678 40.41090  107.39690   -0.108    0.058     3
15679 41.02970  107.34760    0.913    0.013     2
15680 41.26660  107.42050   -0.207    0.060     7
15681 40.61880  107.40470   -0.044    0.088     9
15684 40.99700  107.71290    0.233    0.093    12
15689 42.32600  108.11730   -0.525    0.075     8
15691 40.96950  108.21980    0.220    0.063     7
15693 40.78530  108.31520   -0.061    0.096    12
15695 40.36330  108.67740   -0.991    0.020     7
15696 41.17630  108.77960   -0.336    0.050    10
15702 40.12070  107.51000   -0.291    0.025    10
15703 40.01130  107.84550   -0.411    0.030     9
15704 39.94760  108.23120   -0.556    0.053    11
15705 39.92760  108.60840   -0.890    0.059    13
15706 39.79480  107.00650   -0.396    0.076    14
15707 39.74990  107.44290   -0.382    0.070    14
15708 39.74460  107.89710   -0.481    0.046    11
15709 39.70710  108.35550   -0.584    0.049    11
15710 39.71650  108.67180   -0.693    0.052    12
15712 39.47440  107.44110   -0.407    0.039    10
15713 39.46850  107.82880   -0.438    0.058    13
15714 39.49100  108.26470   -0.686    0.036     8
15715 39.43010  108.69300   -0.740    0.050    10
15717 39.21670  107.46450   -0.512    0.042     9
15722 38.90580  107.44490   -0.823    0.043     9
15724 38.91180  108.24600   -0.863    0.088    16
15725 38.92440  108.66400   -0.854    0.080    15
15727 37.73930  108.28180   -0.925    0.068    12
15728 37.73550  107.86350   -1.023    0.052    14
15729 37.75030  108.69070   -0.980    0.081    14
15730 38.01370  108.31520   -0.969    0.088    16
15731 38.02120  107.92820   -0.988    0.073    15
15732 38.00490  108.67520   -1.028    0.043    11
15733 38.02900  107.48940   -0.980    0.091    16
15734 38.31660  107.40360   -1.006    0.048    12
15736 38.30470  108.29570   -0.849    0.094    16
15737 38.34570  107.85520   -0.988    0.082    13
15738 38.36020  108.68450   -0.893    0.089    15
15739 38.62930  108.78310   -0.882    0.051    10
15741 38.66510  108.34660   -0.872    0.087    16
15742 38.64920  107.39040   -0.828    0.061    11
15743 38.66480  107.94280   -0.954    0.084    13
51501 33.56400  103.66910    0.047    0.046    13
51502 32.52510  104.11530   -0.180    0.028    11
51503 33.50690  104.00630   -0.047    0.059    17
51504 32.66460  104.45750   -0.449    0.075    16
51505 32.11110  104.15490   -0.783    0.032    12
51506 32.48690  104.91200   -0.799    0.060    17
51507 33.04170  104.20810   -0.155    0.093    18
51508 33.31440  103.79450   -0.118    0.029    15
51510 32.10330  104.78560   -0.844    0.078    13
51511 31.87680  107.34730   -0.890    0.074    12
51513 32.38910  107.19070   -1.123    0.098    13
51514 32.06810  107.54840   -0.998    0.085    12
51515 32.32850  107.60360   -1.157    0.017     7
51517 32.17560  108.28900   -0.828    0.075    13
51518 31.84970  108.20190   -1.060    0.093    18
51519 31.80390  107.88540   -0.873    0.074    15
51520 32.58060  106.85360   -1.006    0.073    17
51521 32.30620  106.80670   -0.927    0.075    13
51522 32.73810  105.82310   -1.056    0.052    11
51523 32.26400  105.19090   -0.856    0.086    15
51524 32.80490  105.48560   -0.764    0.039    15
51526 32.04040  105.87120   -0.540    0.054    14
51527 31.93430  106.28190   -1.635    0.077    11
51528 32.43900  106.43340   -0.919    0.082    12
51529 32.10520  106.52310   -0.680    0.078    17
51530 32.46660  105.87480   -0.843    0.078    16
51531 32.60960  106.10730   -0.845    0.061    16
51533 32.01300  103.68530   -0.261    0.090    15
51534 32.36170  103.72520    0.066    0.040    12
51535 32.78770  103.90730    0.251    0.078     6
51536 32.99350  103.69090   -0.027    0.012     9
51537 32.91740  103.39010    0.086    0.031    12
51538 32.62880  103.09170   -0.099    0.029    13
51539 32.00190  103.29700   -0.203    0.023    12
51540 32.29470  103.27090   -0.045    0.050    16
51541 32.25000  102.87860   -0.053    0.069    10
51543 33.48660  103.35650   -0.058    0.063    15
51544 33.68600  103.18870   -0.049    0.062    15
51545 33.93190  102.94300    0.235    0.038    17
51546 34.17090  102.82630    0.278    0.054    14
51547 34.01980  102.45840    0.142    0.020    11
51548 33.72840  102.44470    0.226    0.021    11
51549 33.41480  102.47340    0.075    0.065    15
51550 33.12790  102.62700   -0.098    0.051    12
51551 33.01010  102.98010    0.063    0.055    13
51552 32.21270  102.49410   -0.061    0.069    15
51553 32.16620  102.16340   -0.050    0.046     5
51555 32.49010  102.43780   -0.156    0.061    13
51556 32.74320  102.05040   -0.112    0.048    14
51557 33.04810  101.55630    0.260    0.038    16
51558 33.04990  102.22170   -0.079    0.043    15
51559 32.90700  101.75410    0.143    0.020    12
51560 32.44230  102.11880   -0.123    0.047    16
51561 32.61520  101.52630   -0.142    0.039    17
51562 31.97480  102.64070    0.076    0.071    19
51563 31.85380  101.70230   -0.130    0.051    17
61002 32.52030  107.89640   -1.209    0.072    19
61003 32.62980  107.42970   -1.144    0.066    10
61004 32.62650  107.14440   -1.075    0.090    15
61005 32.68680  106.31820   -0.888    0.069    15
61006 32.70980  107.73260   -0.992    0.091    13
61007 32.71520  107.98960   -1.132    0.086    17
61008 32.79000  106.90420   -1.032    0.055    12
61009 32.84180  107.21180   -0.965    0.085    13
61010 32.85870  106.58670   -0.887    0.085    18
61011 32.92290  106.24310   -0.745    0.058    17
61012 32.90130  105.90580   -0.757    0.027    11
61013 33.01800  108.00210   -1.032    0.078    17
61015 33.04410  106.29120   -0.623    0.057    12
61016 33.12650  106.68830   -0.692    0.078    16
61017 33.14430  107.67320   -1.182    0.076    13
61018 33.19700  106.01480   -0.557    0.046    15
61019 33.22920  106.39930   -0.661    0.095    16
61021 33.32180  105.82720   -0.341    0.054    18
61022 33.37260  107.61560   -0.934    0.059    10
61023 33.42840  106.97620   -0.743    0.084    16
61024 33.43780  107.98160   -0.891    0.067    13
61025 33.47870  106.62400   -0.474    0.062    17
61026 33.49520  106.00700   -0.451    0.058    12
61027 33.47820  106.37000   -0.485    0.070    17
61028 33.54900  107.25570   -0.823    0.100    13
61029 33.57340  107.55120   -0.812    0.087    15
61030 33.61820  106.90260   -0.663    0.082    16
61031 33.70340  107.93620   -0.784    0.097    14
61032 33.74670  106.67660   -0.520    0.070    16
61033 33.79490  107.51330   -0.756    0.097    14
61034 33.84930  107.83020   -0.734    0.064    15
61035 33.87400  107.10690   -0.722    0.064    15
61036 33.91410  106.50560   -0.432    0.066    15
61037 33.97430  106.82950   -0.439    0.068    15
61038 34.05410  107.54630   -0.780    0.065    15
61039 34.06150  108.12510   -0.795    0.075    16
61040 34.10620  106.61110   -0.425    0.079    19
61041 34.19090  106.83410   -0.462    0.060    17
61042 34.27950  107.42010   -0.567    0.063    14
61043 34.32170  108.03130   -0.487    0.017     7
61044 34.35340  107.06250   -0.466    0.064    16
61045 34.50460  107.65600   -0.667    0.059    18
61046 34.48760  106.71180   -0.443    0.064    14
61047 34.53150  108.02680   -0.924    0.046    13
61048 34.54620  106.43520   -0.402    0.049    13
61049 34.55380  106.93750   -0.427    0.052    17
61050 34.60290  107.40850   -0.618    0.071    16
61051 34.63730  107.16670   -0.639    0.065    15
61052 34.70480  106.61260   -0.196    0.041    15
61053 34.75510  106.89130   -0.700    0.050    16
61054 34.76590  107.49050   -0.651    0.070    12
61055 34.82420  108.02550   -0.819    0.057    18
61056 34.87730  107.19110   -0.591    0.061    15
61057 34.92350  107.77820   -1.010    0.068    18
61058 34.96310  106.59370   -0.361    0.025    12
61059 35.06510  108.12030   -1.028    0.023    10
61060 35.16710  107.77160   -1.003    0.074    17
61061 36.52630  108.77170   -1.307    0.045    10
61062 36.64490  108.09800   -0.977    0.036    15
61063 36.67670  108.47320   -1.091    0.076    18
61064 36.84730  108.77770   -1.017    0.051     5
61065 36.94920  107.92060   -1.003    0.039    10
61066 36.97070  107.59860   -0.802    0.046     8
61067 36.96040  108.38400   -0.959    0.072    18
61068 37.13200  107.40410   -0.675    0.047    10
61069 37.20540  107.98910   -1.003    0.081    15
61070 37.17290  108.77020   -1.062    0.093    13
61071 37.21820  107.74070   -0.889    0.063     9
61073 37.39340  107.62480   -0.776    0.092     9
61074 37.44710  107.31110   -0.838    0.050    15
61075 37.48150  108.81870   -1.189    0.088    10
61076 37.62790  107.53170   -0.973    0.063    10
61076 37.48740  108.04430   -0.973    0.063    10
61077 37.49420  108.42540   -0.940    0.065     9
61078 37.62790  107.53170   -0.960    0.067    12
62300 32.82110  105.04350   -0.509    0.097    16
62301 33.00350  104.45510   -0.298    0.080    17
62302 33.06930  105.78090   -0.489    0.037     9
62303 33.10340  105.19960   -0.405    0.081    18
62304 33.06520  105.58120   -0.268    0.050    11
62305 33.20440  104.94760   -0.386    0.063     5
62306 33.36230  104.60990   -0.479    0.060    14
62307 33.36900  105.31450   -0.230    0.059    16
62308 33.38980  102.20840    0.098    0.039    14
62309 33.57820  104.87320   -0.100    0.054    17
62310 33.59030  105.54070   -0.355    0.053     7
62311 33.61840  105.21260   -0.271    0.049    19
62312 33.65160  104.43010   -0.263    0.017     9
62314 33.77460  106.32440   -0.323    0.062    14
62315 33.77320  101.69780    0.215    0.043     6
62316 33.79100  102.13000    0.244    0.047    15
62317 33.83590  106.10000   -0.296    0.049    16
62318 33.89200  105.45800   -0.095    0.006     2
62319 33.91800  104.88200   -0.054    0.031    17
62320 33.86690  103.34070    0.138    0.035    11
62321 33.93460  103.72200   -0.165    0.052    12
62322 34.08210  101.72530    0.072    0.059    10
62323 34.04880  104.39130   -0.207    0.074     4
62324 34.11840  105.14740   -0.030    0.049    18
62325 34.40790  103.60790   -0.002    0.047    16
62326 34.20590  102.14070    0.126    0.029     6
62327 34.25140  104.04900   -0.015    0.000     1
62328 34.17860  104.90640   -0.018    0.037    19
62330 34.17510  106.30940   -0.305    0.045    14
62331 34.34360  105.97130   -0.090    0.020     2
62332 34.50740  103.33040   -0.021    0.040    10
62333 34.35450  102.68980    0.283    0.020    11
62334 34.33150  106.44710   -0.246    0.062     5
62335 34.45370  104.95470    0.076    0.018    12
62336 34.47230  105.54810    0.030    0.020     9
62337 34.50260  104.20380    0.080    0.013    11
62338 34.57150  102.56610    0.043    0.010     7
62339 34.61900  104.64430    0.170    0.064     5
62340 34.65490  103.80650    0.147    0.064    16
62341 34.70960  103.00170    0.067    0.035    20
62342 34.71270  105.24990    0.111    0.027    17
62343 34.74570  106.21180   -0.153    0.024    10
62344 34.80770  102.60070    0.119    0.031    14
62345 34.64270  102.21900    0.093    0.034    16
62346 34.83650  105.79560    0.030    0.032    19
62347 34.81230  104.20730    0.320    0.034    16
62348 34.92320  104.59740    0.274    0.022    11
62349 34.97650  103.62920    0.298    0.048    19
62350 34.99530  103.07760    0.281    0.038    18
62351 35.01770  105.01400    0.203    0.024    14
62352 35.08130  105.52790   -0.125    0.009    10
62353 35.12040  107.37850   -0.761    0.077    18
62354 35.14330  106.21320    0.008    0.037     9
62355 35.15600  103.93330    0.308    0.030     5
62356 35.16200  106.99650   -0.685    0.044    14
62357 35.17070  104.25570    0.170    0.044    14
62358 35.17970  106.56790   -0.340    0.067     9
62359 35.18740  102.48420   -0.092    0.034    17
62360 35.20060  105.16520    0.045    0.010    11
62361 35.23630  102.88290    0.230    0.051    18
62362 35.27610  103.65150    0.203    0.060    18
62363 35.27380  105.96180    0.010    0.044    17
62364 35.35870  104.24240    0.057    0.033    18
62366 35.44070  105.45400   -0.000    0.000    23
62367 35.43870  107.14030   -0.821    0.068    15
62368 35.48080  104.95340    0.118    0.017    17
62369 35.45090  107.48180   -1.024    0.025    10
62370 35.47880  108.35680   -0.964    0.052    11
62372 35.55230  104.58910   -0.079    0.050    18
62373 35.59730  106.63790   -0.318    0.068    15
62374 35.62190  103.71670   -0.121    0.051    14
62375 35.61660  105.58730   -0.034    0.089    13
62376 35.66180  102.97730   -0.102    0.042    14
62377 35.75850  107.68680   -0.879    0.071    16
62378 35.74950  108.06450   -0.974    0.075    17
62379 35.75790  105.23170   -0.151    0.068    14
62380 35.77680  107.01700   -0.761    0.067    18
62381 35.80240  104.86290   -0.135    0.047    13
62382 35.81600  104.42150    0.118    0.036    16
62383 35.87590  103.88040    0.086    0.034    16
62384 35.87420  103.11490   -0.226    0.050    16
62385 36.00570  107.48730   -0.895    0.051    14
62386 36.00370  108.23410   -0.960    0.067    15
62387 36.01060  107.90740   -0.999    0.058    13
62388 36.03110  103.45020   -0.105    0.052    11
62389 36.04900  107.03830   -0.796    0.038    10
62390 36.06810  104.23860   -0.027    0.045     9
62391 36.08620  104.70880   -0.134    0.018    12
62392 36.16100  105.15170   -0.185    0.043     9
62393 36.32570  104.01840   -0.139    0.055    15
62394 36.32680  107.09920   -0.649    0.055    13
62396 36.36050  108.25130   -1.082    0.066    14
62397 36.41400  103.38710    0.305    0.039    11
62398 36.37750  104.46030    0.009    0.040    15
62399 36.39410  104.82610   -0.160    0.062    14
62400 36.36040  107.50980   -0.695    0.027     8
62401 36.49310  103.56010    0.373    0.053    14
62402 36.56990  106.71560   -0.540    0.033    11
62403 36.55750  107.88820   -0.898    0.059    18
62404 36.56260  103.85610    0.026    0.044    17
62405 36.58370  107.10270   -0.575    0.063    16
62406 36.65070  104.47430   -0.030    0.044    10
62407 36.63570  105.00720   -0.101    0.041     6
62408 36.66560  103.04870    0.158    0.053    11
62409 36.75150  107.71800   -0.776    0.067     7
62410 36.79900  106.91460   -0.323    0.082     6
62411 36.84590  107.28460   -0.704    0.064    13
62412 36.86390  103.68170    0.269    0.030     7
62413 36.88770  103.15700    0.196    0.034    13
62414 36.88120  102.80910    0.344    0.059    16
62415 36.93830  104.07160    0.200    0.054    14
62416 36.87980  104.41860    0.105    0.012     8
62417 36.97850  104.83830   -0.176    0.026     8
62418 37.11210  103.49510    0.310    0.052    15
62419 37.14450  102.92180    0.543    0.089     9
62420 37.23330  103.86510    0.044    0.053    16
62421 37.27180  104.42780   -0.084    0.076    15
62422 37.35260  103.30790    0.095    0.023    12
62423 37.41170  103.65480    0.069    0.021    10
62424 37.45700  102.88700    0.105    0.048    17
62425 37.51510  102.41440    0.194    0.081    12
62426 37.71630  103.13950   -0.017    0.020    10
62427 37.69960  103.43400   -0.032    0.020    11
62428 37.81470  101.75770    0.231    0.067    10
62429 37.74790  102.64670   -0.048    0.049    15
62430 37.91660  102.20650   -0.081    0.054    17
62431 38.01060  101.55930    0.260    0.038    16
62432 38.09510  101.25230    0.451    0.087    16
62433 37.99810  102.84040    0.035    0.052    14
62434 38.00900  102.46730   -0.113    0.033    15
62435 38.25660  101.97920   -0.132    0.032    15
62436 38.29000  101.58950    0.138    0.062    18
62437 38.27730  101.11820    0.304    0.060    14
62438 38.31840  102.66320   -0.388    0.037    18
62439 38.32670  103.26020   -0.340    0.030    16
62440 38.48900  102.37640   -0.094    0.054    15
62441 38.53890  101.64840   -0.073    0.040    15
62442 38.55580  100.43160    0.376    0.061    15
62443 38.55870  100.84480    0.034    0.043    17
62444 38.55670  102.93170   -0.277    0.032    13
62445 38.63110  101.94510   -0.288    0.045    17
62446 38.60140   99.61530    0.517    0.022    11
62447 38.63280  101.25450   -0.075    0.014    11
62448 38.83510  102.63600   -0.304    0.049    20
62449 38.79650   99.35400    0.195    0.089    15
62450 38.81910  103.52690   -0.745    0.055    13
62451 38.80650  100.21620    0.148    0.080    15
62452 38.97440  102.15650   -0.384    0.042    13
62453 38.89610  100.77400    0.014    0.014    10
62454 38.98090  102.98880   -0.529    0.030    13
62455 39.11340   99.78760   -0.049    0.072    15
62456 39.15520  103.89400   -0.477    0.085    17
62457 39.09240   98.31260    1.079    0.044    11
62458 39.09410  100.13480    0.033    0.088    19
62459 39.10820   99.27210   -0.162    0.041    11
62460 38.98740  102.33760   -0.457    0.037     4
62461 39.23090   98.81910   -0.302    0.024     7
62462 39.20540  103.49970   -0.498    0.065     8
62463 39.27700   97.71470    0.526    0.064    16
62464 39.34980   99.94070   -0.361    0.036    11
62465 39.36060   99.43200   -0.098    0.027    14
62467 39.46490   99.05090   -0.286    0.040    11
62468 39.54260   98.39430   -0.143    0.089    16
62469 39.61950   99.82040   -0.509    0.049    17
62470 39.59700   99.45840   -0.576    0.052    16
62471 39.63120   98.01200    0.054    0.064    17
62472 39.69210   98.84760   -0.464    0.024     6
62473 39.73510   99.27370   -0.670    0.064    17
62474 39.90330   98.60270   -0.771    0.020    11
63001 38.05470  100.54010    0.310    0.069    14
63002 37.95150  100.95760    0.614    0.073    20
63004 38.38880   99.25930    0.416    0.058    15
63005 38.29210   99.84370    0.215    0.071    13
63006 38.73020   99.23950    0.216    0.086    13
63007 38.91260   98.80510    0.051    0.098    16
63008 38.82610   98.41470    0.225    0.059    14
63009 37.73950  100.54680    0.478    0.036    10
63010 37.68280  100.86880    0.655    0.061    19
63011 37.34620  101.80320    0.634    0.078    10
63012 37.19850  102.18420    0.576    0.069    21
63013 37.62410  101.19770    0.655    0.070    20
63014 37.41760  100.53240    0.563    0.020     9
63015 37.29720  100.21160    0.484    0.030    11
63016 37.61790   99.98690    0.486    0.079    18
63017 37.25470   99.80260    0.223    0.051    12
63018 37.43410   99.48810    0.144    0.060    12
63019 37.99340  100.13890    0.573    0.077    20
63020 38.04730   99.63320    0.554    0.050    18
63021 36.91990  100.92210    0.301    0.042     5
63022 37.10460  100.62060    0.380    0.054    17
63023 36.42930  101.00230    0.408    0.046    15
63024 36.39520  100.58040    0.348    0.041    15
63025 36.72720   99.75220    0.091    0.067    13
63026 37.10560   99.42050    0.186    0.093    16
63027 36.60090  100.81370    0.670    0.075    17
63028 36.58800  100.28720    0.331    0.048    17
63029 36.13970  100.92400    0.142    0.039    14
63030 35.90310  101.50870    0.141    0.039    17
63031 36.07690  101.54030    0.324    0.050    10
63032 36.23150  101.24010    0.321    0.024    10
63033 35.99780  101.23350    0.266    0.019     8
63034 37.51830   99.13280    0.084    0.022     8
63035 37.74790   99.41240    0.234    0.059    16
63036 37.67690   98.63370    0.145    0.074    11
63038 38.16760   99.15730    0.467    0.043    12
63039 37.99670   98.35950    0.146    0.027     9
63040 38.38640   98.28310    0.462    0.076    12
63041 38.41650   98.72950    0.533    0.064    15
63042 38.70260   98.02970    0.666    0.079    17
63043 38.83680   97.72370    0.726    0.041    11
63045 37.11290  101.33490    0.425    0.038    12
63046 37.33250  101.02710    0.445    0.022    12
63047 36.82610  102.52630    0.289    0.044    16
63048 36.58270  102.09500    0.403    0.045     4
63049 36.22730  102.51150    0.316    0.048    13
63050 36.04700  102.83310    0.169    0.051    15
63051 35.60240  102.71000    0.028    0.052     7
63052 35.74320  102.31630    0.070    0.038    17
63053 35.90900  102.10320    0.120    0.038    16
63054 36.26590  101.71430    0.329    0.016    10
63055 35.44940  102.42380    0.139    0.061    17
63056 35.19900  102.25370   -0.080    0.042    15
63057 35.76720  101.86880    0.136    0.036    15
63058 35.20260  101.78450    0.112    0.033    12
64001 35.53370  106.07120   -1.408    0.014     3
64002 35.67980  106.39310   -0.252    0.029    17
64003 35.74900  106.08450    0.077    0.048    19
64004 35.69540  105.79790   -1.037    0.006     7
64005 35.84760  106.60260   -0.587    0.043    11
64006 35.85700  105.50980   -0.130    0.058    10
64007 35.88490  105.84080   -0.227    0.042    16
64008 35.96240  106.42260   -0.520    0.016    10
64009 36.07500  105.50710   -0.182    0.067    13
64011 36.13740  106.51040   -0.715    0.084    14
64012 36.79640  105.98950   -0.454    0.086    16
64013 36.28050  105.98150   -0.542    0.050    10
64014 36.03360  106.71070   -0.543    0.039    14
64015 36.25550  105.61430   -0.199    0.038     4
64016 36.52250  105.94650   -0.311    0.042    14
64017 36.59950  106.33010   -0.397    0.084    18
64018 36.80280  105.58680   -0.502    0.037    11
64019 36.99200  105.94200   -0.577    0.064    13
64020 36.83840  106.35010   -0.302    0.077    12
64021 37.08400  105.54600   -0.441    0.065    15
64022 37.04260  106.58090   -0.788    0.088    17
64023 37.18990  105.98220   -0.431    0.046    12
64024 37.25680  105.57540   -0.474    0.029    11
64025 37.03660  106.24620   -0.385    0.014     2
64026 37.32860  106.66600   -0.602    0.070    18
64027 37.43990  104.92940   -0.271    0.045    14
64028 36.91380  105.21390   -0.141    0.045     9
64029 37.18690  107.00590   -0.531    0.060    13
64030 37.66150  105.81760   -0.648    0.066    13
64031 37.55730  106.44220   -0.633    0.068    15
64032 37.65790  106.71890   -0.587    0.078    13
64033 37.45300  106.99120   -0.623    0.076    15
64034 37.85420  106.40610   -0.723    0.092    15
64035 37.54630  105.59580   -0.332    0.060    10
64036 37.87140  106.06320   -1.151    0.089    10
64037 37.89800  106.77240   -0.670    0.095    17
64038 38.00580  107.17700   -0.802    0.080    20
64039 38.10730  105.92950   -0.651    0.098    11
64041 37.20950  104.86840   -0.247    0.067    14
64042 38.31010  105.97900   -0.278    0.090     9
64043 37.76930  107.08490   -0.715    0.067    16
64044 38.55420  106.24790   -0.136    0.081     5
64045 37.41300  106.01360   -0.487    0.060    14
64046 38.74910  106.15980   -0.573    0.081     9
64047 38.37380  106.33020   -0.426    0.056     5
64053 38.80770  106.69690   -0.819    0.055     6
64054 39.08240  106.48130   -0.777    0.053     8
64055 39.24710  106.33790   -0.551    0.099    13
WT01 42.34410  100.18600   -0.893    0.059    20
WT02 42.37900   98.64460   -0.446    0.061    13
WT03 42.35700   99.27460   -0.580    0.062    16
WT04 42.32660  101.04920   -1.383    0.083    18
WT05 42.32910  101.83980   -1.207    0.044    12
WT07 41.92920  100.04800   -0.831    0.064    16
WT08 41.90700  100.92690   -1.332    0.055    14
WT09 41.99350   98.60890   -0.674    0.031    12
WT10 41.92840  103.01260   -0.431    0.019    10
WT11 41.89790  101.74550   -1.191    0.049    17
WT12 40.10220  103.02630   -0.388    0.055    17
WT13 42.01090   98.11920   -0.504    0.071    16
WT14 41.67790  102.76050   -0.517    0.048    17
WT15 41.64440   98.65850   -1.013    0.064    18
WT17 41.55640  100.04380 -100.000 -100.000  -100
WT18 39.61650  102.74140   -0.508    0.036    18
WT19 41.62370   97.99650   -0.585    0.068    15
WT21 41.47540  101.45420   -1.086    0.041    13
WT22 41.37040  102.46550   -0.679    0.048    15
WT23 41.24740   98.16540   -0.848    0.013     9
WT24 41.22190   98.60070   -0.882    0.089    17
WT25 41.26740   97.37200 -100.000 -100.000  -100
WT26 40.99750  101.53730   -1.055    0.016    13
WT27 41.15450   99.29420   -0.780    0.038    13
WT29 41.28110   97.51110 -100.000 -100.000  -100
WT30 39.45900  101.73610   -0.461    0.050    16
WT31 40.99500  100.96100 -100.000 -100.000  -100
WT32 40.71870  102.82830   -0.374    0.037    14
WT33 39.54080  102.36730   -0.576    0.060    18
WT34 40.76590   99.87460   -0.679    0.028    13
WT35 40.83090   98.15590   -0.798    0.027    11
WT36 40.85960   99.17260   -0.864    0.047    11
WT37 39.30290  102.94900   -0.227    0.031    11
WT38 40.88650   97.74120   -0.542    0.076    18
WT39 39.17190  101.44020   -0.241    0.053    18
WT40 40.56040   97.38480   -0.307    0.064    16
WT41 40.84680   98.59460   -1.040    0.095    18
WT42 40.82010   97.35430   -0.206    0.069    16
WT43 38.79990  101.58100   -0.216    0.027    13
WT44 40.58170   98.18870   -0.924    0.034     9
WT45 40.61220  101.46760 -100.000 -100.000  -100
WT46 40.54100   99.45630    0.205    0.045    11
WT47 39.56440  101.17190   -0.398    0.036    16
WT48 40.66710   96.71350   -0.204    0.073    14
WT49 40.54980  100.93430 -100.000 -100.000  -100
WT51 40.10940   99.95150   -0.623    0.033    12
WT52 39.72120   98.02970    0.078    0.027    12
WT54 40.52260   99.01980   -0.958    0.079    17
WT55 40.46490  103.01010   -0.222    0.097    10
WT56 39.22410  100.86460   -0.253    0.086    23
WT57 40.41180   96.97740   -0.240    0.079    16
WT59 39.23940  102.61500   -0.160    0.047    21
WT60 40.22840   99.40080   -0.761    0.067    14
WT61 40.30210   98.66230   -1.008    0.070    17
WT62 40.05870   98.16280   -0.425    0.067    15
WT63 39.93930  100.48690   -0.459    0.036    13
WT64 40.35730   98.20990   -0.879    0.039     9
WT65 39.25290  102.14940   -0.336    0.044    15
WT66 40.31200   97.31870   -0.297    0.083    15
WT67 39.97330   96.61870    0.182    0.022     9
WT68 39.50380  100.48270   -0.271    0.061    16
WT69 40.26600   99.06410   -0.903    0.060    17
WT70 39.87380  100.09640   -0.570    0.052    17
WT71 39.71690  100.83460   -0.494    0.023    11
WT72 40.04550   97.74350   -0.052    0.038    12
WT73 39.90680   98.93570   -0.763    0.031    13
WT74 39.92610   97.32320    0.441    0.076    13
WT75 39.71700   96.98770    0.220    0.042    12
WT76 39.74650   97.74510    0.339    0.038    11
WT77 39.64850   97.28090    0.317    0.041    16
WT78 39.52370   97.72760    0.224    0.060    17
WT79 40.97900   96.81680   -0.163    0.074    15
