IL01 64.771599 -146.886093 0.0
IL02 64.784698 -146.864304 0.0
IL03 64.771400 -146.851196 0.0
IL04 64.757004 -146.876099 0.0
IL05 64.773102 -146.922897 0.0
IL06 64.779198 -146.904007 0.0
IL07 64.799301 -146.839294 0.0
IL08 64.790298 -146.796906 0.0
IL09 64.768097 -146.783203 0.0
IL10 64.752899 -146.843094 0.0
IL11 64.741501 -146.897400 0.0
IL12 64.744698 -146.943604 0.0
IL13 64.747902 -146.986496 0.0
IL14 64.775002 -146.979401 0.0
IL15 64.777702 -146.942795 0.0
IL16 64.793297 -146.921494 0.0
IL17 64.807198 -146.889801 0.0
IL18 64.757500 -146.776794 0.0
IL19 64.746101 -146.797394 0.0
IL31 64.771400 -146.886597 0.0
ILAR 64.771400 -146.886597 0.0
