15581   41.75120  103.39600  1076.0
15582   41.69090  104.00240   937.0
15583   41.55730  104.81680   761.0
15584   41.74470  103.11110  1022.0
15585   41.16970  104.91070  1179.0
15586   41.16700  104.14510   958.0
15587   41.15570  103.81910  1123.0
15588   40.81040  105.15120  1222.0
15589   40.75700  104.44200  1362.0
15590   40.41450  105.43350  1524.0
15591   40.49470  104.74920  1269.0
15592   40.36040  106.23490  1025.0
15593   40.33850  105.75840  1281.0
15594   40.15610  105.49300  1360.0
15595   39.96530  106.14040  1012.0
15596   39.90980  105.69410  1020.0
15597   39.51140  106.40100  1234.0
15598   39.92610  106.72480  1064.0
15599   40.81750  103.67070  1338.0
15600   40.63790  104.07440  1386.0
15601   40.33640  104.27990  1484.0
15602   40.06400  104.93090  1412.0
15603   40.02630  104.31400  1386.0
15604   40.02830  103.51000  1790.0
15605   40.02560  103.86260  1395.0
15606   39.90510  103.15490  1741.0
15607   39.80180  104.88510  1436.0
15608   39.77090  104.45240  1343.0
15609   39.74590  103.95410  1374.0
15610   39.69160  102.81700  1619.0
15611   39.70030  103.60180  1339.0
15612   39.60790  104.70910  1240.0
15613   39.47230  103.44970  1163.0
15614   39.61060  105.07870  1235.0
15615   39.53480  105.39500  1091.0
15616   39.47520  104.06990  1244.0
15617   39.15740  104.17320  1290.0
15618   38.98210  105.68730  1459.0
15619   39.07930  105.05800  1296.0
15620   40.81610  103.01610  1543.0
15621   40.59690  103.01410  1352.0
15622   40.58370  103.60460  1359.0
15623   40.28410  103.04850  1319.0
15624   40.36370  103.82590  1563.0
15625   39.83850  105.31400  1262.0
15626   39.34870  105.02730  1187.0
15627   39.23700  105.25670  1189.0
15628   39.28760  105.71900  1202.0
15629   39.41490  104.67180  1216.0
15630   39.00210  105.32870  1255.0
15631   38.00940  103.60750  1492.0
15632   38.33100  103.61020  1408.0
15633   38.19820  103.64790  1443.0
15634   38.23060  103.95350  1407.0
15635   37.85260  104.02030  1528.0
15636   38.61770  104.09840  1322.0
15637   37.97120  104.14910  1472.0
15638   38.77110  104.16720  1311.0
15639   38.68140  104.25230  1321.0
1563A   39.00210  105.32870  1258.0
15640   38.14120  104.25590  1403.0
15641   37.46970  104.25940  1720.0
15642   38.51020  104.27060  1330.0
15643   37.71700  104.31740  1628.0
15644   38.39400  104.62940  1322.0
15645   38.21480  104.61690  1344.0
15646   37.89850  104.69540  1429.0
15647   37.65690  104.82150  1374.0
15648   38.66370  104.84940  1307.0
15649   38.14160  104.91380  1331.0
15650   37.89140  105.00240  1407.0
15651   38.39210  105.08730  1325.0
15652   38.58480  105.14190  1303.0
15653   37.76230  105.20510  1384.0
15654   38.02060  105.29290  1350.0
15655   38.22260  105.31810  1486.0
15656   38.75380  105.36880  1288.0
15657   37.85340  105.53570  1490.0
15658   38.24580  105.60730  1510.0
15659   38.53850  105.64310  1332.0
15660   38.06710  105.67570  1386.0
15661   41.54650  105.22610   816.0
15662   40.99660  105.34310  1276.0
15663   41.67620  105.61580   942.0
15664   40.69250  105.93960  1313.0
15665   41.17820  105.82030  1147.0
15666   41.38530  106.14540  1261.0
15667   41.90400  106.24030   993.0
15668   40.86020  106.00530  1374.0
15669   41.14790  106.47010  1827.0
1566A   37.62950  103.96300  1591.0
15670   40.56680  106.56890  1034.0
15671   41.63650  106.70080  1427.0
15672   40.42080  106.76260  1047.0
15673   40.98310  106.90770  1030.0
15674   42.13930  106.89400  1008.0
15675   40.63910  107.01670  1039.0
15676   41.44360  107.15330  1726.0
15677   42.00640  107.43960  1331.0
15678   40.41090  107.39690  1119.0
15679   41.02970  107.34760  1028.0
15680   41.26660  107.42050  1031.0
15681   40.61880  107.40470  1042.0
15682   41.41620  108.44240  1190.0
15683   42.27220  107.56970  1158.0
15684   40.99700  107.71290  1025.0
15685   42.10050  107.73960  1276.0
15686   41.82520  107.75410  1565.0
15687   41.39190  107.84690  1234.0
15688   40.76980  107.88520   744.0
15689   42.32600  108.11730  1170.0
15690   40.34510  108.15920  1181.0
15691   40.96950  108.21980  1028.0
15692   41.71950  108.20980  1407.0
15693   40.78530  108.31520  1023.0
15694   41.97720  108.48220  1384.0
15695   40.36330  108.67740  1222.0
15696   41.17630  108.77960  1043.0
15697   42.35620  108.86380  1234.0
15698   41.48650  108.83320  1275.0
15699   41.83370  108.88320  1738.0
15700   42.06410  108.91320  1393.0
15701   40.06440  106.91460  1203.0
15702   40.12070  107.51000  1231.0
15703   40.01130  107.84550  1216.0
15704   39.94760  108.23120  1226.0
15705   39.92760  108.60840  1308.0
15706   39.79480  107.00650  1503.0
15707   39.74990  107.44290  1392.0
15708   39.74460  107.89710  1317.0
15709   39.70710  108.35550  1435.0
15710   39.71650  108.67180  1437.0
15711   39.45620  107.09600  1457.0
15712   39.47440  107.44110  1386.0
15713   39.46850  107.82880  1385.0
15714   39.49100  108.26470  1349.0
15715   39.43010  108.69300  1356.0
15716   39.19260  107.12440  1267.0
15717   39.21670  107.46450  1332.0
15718   39.22570  107.83560  1359.0
15719   39.18150  108.25030  1456.0
15720   39.18240  108.66310  1376.0
15721   38.90670  107.12260  1208.0
15722   38.90580  107.44490  1216.0
15723   38.93010  107.85650  1309.0
15724   38.91180  108.24600  1395.0
15725   38.92440  108.66400  1352.0
15727   37.73930  108.28180  1322.0
15728   37.73550  107.86350  1345.0
15729   37.75030  108.69070  1287.0
15730   38.01370  108.31520  1324.0
15731   38.02120  107.92820  1366.0
15732   38.00490  108.67520  1220.0
15733   38.02900  107.48940  1312.0
15734   38.31660  107.40360  1368.0
15735   38.32630  106.87460  1375.0
15736   38.30470  108.29570  1338.0
15737   38.34570  107.85520  1414.0
15738   38.36020  108.68450  1290.0
15739   38.62930  108.78310  1335.0
15740   38.69280  106.91730  1281.0
15741   38.66510  108.34660  1354.0
15742   38.64920  107.39040  1445.0
15743   38.66480  107.94280  1400.0
51501   33.56400  103.66910  2503.0
51502   32.52510  104.11530  1440.0
51503   33.50690  104.00630  1918.0
51504   32.66460  104.45750  1568.0
51505   32.11110  104.15490  1019.0
51506   32.48690  104.91200   870.0
51507   33.04170  104.20810  2030.0
51508   33.31440  103.79450  2332.0
51509   32.16370  104.49010   895.0
51510   32.10330  104.78560   708.0
51511   31.87680  107.34730   773.0
51512   32.06290  107.12770   551.0
51513   32.38910  107.19070   578.0
51514   32.06810  107.54840   538.0
51515   32.32850  107.60360   620.0
51516   32.09940  107.92430   804.0
51517   32.17560  108.28900   620.0
51518   31.84970  108.20190   615.0
51519   31.80390  107.88540   809.0
51520   32.58060  106.85360  1124.0
51521   32.30620  106.80670   656.0
51522   32.73810  105.82310   682.0
51523   32.26400  105.19090   934.0
51524   32.80490  105.48560   630.0
51525   32.49070  105.50150   570.0
51526   32.04040  105.87120   848.0
51527   31.93430  106.28190   657.0
51528   32.43900  106.43340   892.0
51529   32.10520  106.52310   506.0
51530   32.46660  105.87480   676.0
51531   32.60960  106.10730  1431.0
51532   32.04220  105.27720   823.0
51533   32.01300  103.68530  2334.0
51534   32.36170  103.72520  2538.0
51535   32.78770  103.90730  2718.0
51536   32.99350  103.69090  3413.0
51537   32.91740  103.39010  3462.0
51538   32.62880  103.09170  3226.0
51539   32.00190  103.29700  1996.0
51540   32.29470  103.27090  2646.0
51541   32.25000  102.87860  2974.0
51542   33.35000  103.12440  3491.0
51543   33.48660  103.35650  3024.0
51544   33.68600  103.18870  3082.0
51545   33.93190  102.94300  3556.0
51546   34.17090  102.82630  3053.0
51547   34.01980  102.45840  3446.0
51548   33.72840  102.44470  3468.0
51549   33.41480  102.47340  3440.0
51550   33.12790  102.62700  3460.0
51551   33.01010  102.98010  3519.0
51552   32.21270  102.49410  3586.0
51553   32.16620  102.16340  2749.0
51554   32.14790  101.70460  2640.0
51555   32.49010  102.43780  3590.0
51556   32.74320  102.05040  3284.0
51557   33.04810  101.55630  3479.0
51558   33.04990  102.22170  3515.0
51559   32.90700  101.75410  3345.0
51560   32.44230  102.11880  3502.0
51561   32.61520  101.52630  3049.0
51562   31.97480  102.64070  3295.0
51563   31.85380  101.70230  2914.0
61001   32.33480  107.99020   792.0
61002   32.52030  107.89640   814.0
61003   32.62980  107.42970  1047.0
61004   32.62650  107.14440   937.0
61005   32.68680  106.31820   970.0
61006   32.70980  107.73260  1485.0
61007   32.71520  107.98960   856.0
61008   32.79000  106.90420   822.0
61009   32.84180  107.21180   739.0
61010   32.85870  106.58670  1280.0
61011   32.92290  106.24310   994.0
61012   32.90130  105.90580   553.0
61013   33.01800  108.00210   721.0
61014   33.02540  107.44940   601.0
61015   33.04410  106.29120   780.0
61016   33.12650  106.68830   622.0
61017   33.14430  107.67320   573.0
61018   33.19700  106.01480   630.0
61019   33.22920  106.39930   801.0
61020   33.29960  107.23710   582.0
61021   33.32180  105.82720  1039.0
61022   33.37260  107.61560   993.0
61023   33.42840  106.97620   731.0
61024   33.43780  107.98160   774.0
61025   33.47870  106.62400  1176.0
61026   33.49520  106.00700   700.0
61027   33.47820  106.37000  1080.0
61028   33.54900  107.25570   735.0
61029   33.57340  107.55120  1083.0
61030   33.61820  106.90260  1039.0
61031   33.70340  107.93620  1440.0
61032   33.74670  106.67660  1221.0
61033   33.79490  107.51330  1286.0
61034   33.84930  107.83020  1306.0
61035   33.87400  107.10690  1114.0
61036   33.91410  106.50560  1129.0
61037   33.97430  106.82950  1263.0
61038   34.05410  107.54630  1173.0
61039   34.06150  108.12510   872.0
61040   34.10620  106.61110  1245.0
61041   34.19090  106.83410  1364.0
61042   34.27950  107.42010   648.0
61043   34.32170  108.03130   490.0
61044   34.35340  107.06250   689.0
61045   34.50460  107.65600  1163.0
61046   34.48760  106.71180  1018.0
61047   34.53150  108.02680   765.0
61048   34.54620  106.43520   946.0
61049   34.55380  106.93750   968.0
61050   34.60290  107.40850   976.0
61051   34.63730  107.16670   746.0
61052   34.70480  106.61260  2082.0
61053   34.75510  106.89130   969.0
61054   34.76590  107.49050  1379.0
61055   34.82420  108.02550  1462.0
61056   34.87730  107.19110  1310.0
61057   34.92350  107.77820  1100.0
61058   34.96310  106.59370  1227.0
61059   35.06510  108.12030  1107.0
61060   35.16710  107.77160   920.0
61061   36.52630  108.77170  1130.0
61062   36.64490  108.09800  1416.0
61063   36.67670  108.47320  1212.0
61064   36.84730  108.77770  1436.0
61065   36.94920  107.92060  1363.0
61066   36.97070  107.59860  1601.0
61067   36.96040  108.38400  1438.0
61068   37.13340  107.39220  1765.0
61069   37.20540  107.98910  1419.0
61070   37.17290  108.77020  1602.0
61071   37.21820  107.74070  1610.0
61072   37.22090  108.37920  1668.0
61073   37.39340  107.62480  1718.0
61074   37.44710  107.31110  1420.0
61075   37.48150  108.81870  1406.0
61076   37.62790  107.53170  1370.0
61077   37.49420  108.42540  1386.0
61078   37.62790  107.53170  1370.0
62300   32.82110  105.04350   738.0
62301   33.00350  104.45510  1399.0
62302   33.06930  105.78090   739.0
62303   33.10340  105.19960  1485.0
62304   33.06520  105.58120  1197.0
62305   33.20440  104.94760  1624.0
62306   33.36230  104.60990  1530.0
62307   33.36900  105.31450  1538.0
62308   33.38980  102.20840  3454.0
62309   33.57820  104.87320  2408.0
62310   33.59030  105.54070   933.0
62311   33.61840  105.21260  1659.0
62312   33.65160  104.43010  1903.0
62313   33.65900  105.88790   864.0
62314   33.77460  106.32440   838.0
62315   33.77320  101.69780  3519.0
62316   33.79100  102.13000  3449.0
62317   33.83590  106.10000  1017.0
62318   33.89200  105.45800  1682.0
62319   33.91800  104.88200  2125.0
62320   33.86690  103.34070  2460.0
62321   33.93460  103.72200  1902.0
62322   34.08210  101.72530  3408.0
62323   34.04880  104.39130  1767.0
62324   34.11840  105.14740  1658.0
62325   34.40790  103.60790  2716.0
62326   34.20590  102.14070  3632.0
62327   34.25140  104.04900  2614.0
62328   34.17860  104.90640  1784.0
62329   34.18390  105.56000  1644.0
62330   34.17510  106.30940  1518.0
62331   34.34360  105.97130  1581.0
62332   34.50740  103.33040  2788.0
62333   34.35450  102.68980  3261.0
62334   34.33150  106.44710  1627.0
62335   34.45370  104.95470  2236.0
62336   34.47230  105.54810  1733.0
62337   34.50260  104.20380  2595.0
62338   34.57150  102.56610  3093.0
62339   34.61900  104.64430  2150.0
62340   34.65490  103.80650  2442.0
62341   34.70960  103.00170  2801.0
62342   34.71270  105.24990  1587.0
62343   34.74570  106.21180  1484.0
62344   34.80770  102.60070  3170.0
62345   34.64270  102.21900  3271.0
62346   34.83650  105.79560  1480.0
62347   34.81230  104.20730  2515.0
62348   34.92320  104.59740  2135.0
62349   34.97650  103.62920  2292.0
62350   34.99530  103.07760  3255.0
62351   35.01770  105.01400  1829.0
62352   35.08130  105.52790  1704.0
62353   35.12040  107.37850  1393.0
62354   35.14330  106.21320  1888.0
62355   35.15600  103.93330  2256.0
62356   35.16200  106.99650  1245.0
62357   35.17070  104.25570  2264.0
62358   35.17970  106.56790  1612.0
62359   35.18740  102.48420  2978.0
62360   35.20060  105.16520  1828.0
62361   35.23630  102.88290  2802.0
62362   35.27610  103.65150  2228.0
62363   35.27380  105.96180  1828.0
62364   35.35870  104.24240  2326.0
62365   35.40700  107.82100  1202.0
62366   35.44070  105.45400  1974.0
62367   35.43870  107.14030  1396.0
62368   35.48080  104.95340  2170.0
62369   35.45090  107.48180  1036.0
62370   35.47880  108.35680  1431.0
62371   35.47580  103.28660  2326.0
62372   35.55230  104.58910  1921.0
62373   35.59730  106.63790  1667.0
62374   35.62190  103.71670  2080.0
62375   35.61660  105.58730  1813.0
62376   35.66180  102.97730  2260.0
62377   35.75850  107.68680  1354.0
62378   35.74950  108.06450  1307.0
62379   35.75790  105.23170  1909.0
62380   35.77680  107.01700  1272.0
62381   35.80240  104.86290  1990.0
62382   35.81600  104.42150  2120.0
62383   35.87590  103.88040  2391.0
62384   35.87420  103.11490  2173.0
62385   36.00570  107.48730  1399.0
62386   36.00370  108.23410  1444.0
62387   36.01060  107.90740  1283.0
62388   36.03110  103.45020  2376.0
62389   36.04900  107.03830  1268.0
62390   36.06810  104.23860  2074.0
62391   36.08620  104.70880  1764.0
62392   36.16100  105.15170  1692.0
62393   36.32570  104.01840  1693.0
62394   36.32680  107.09920  1562.0
62395   36.34020  102.89970  1891.0
62396   36.36050  108.25130  1348.0
62397   36.41400  103.38710  1781.0
62398   36.37750  104.46030  2072.0
62399   36.39410  104.82610  1546.0
62400   36.36040  107.50980  1449.0
62401   36.49310  103.56010  1921.0
62402   36.56990  106.71560  1915.0
62403   36.55750  107.88820  1445.0
62404   36.56260  103.85610  1905.0
62405   36.58370  107.10270  1560.0
62406   36.65070  104.47430  1580.0
62407   36.63570  105.00720  1737.0
62408   36.66560  103.04870  2307.0
62409   36.75150  107.71800  1466.0
62410   36.79900  106.91460  1735.0
62411   36.84590  107.28460  1484.0
62412   36.86390  103.68170  2349.0
62413   36.88770  103.15700  2316.0
62414   36.88120  102.80910  2760.0
62415   36.93830  104.07160  1884.0
62416   36.87980  104.41860  1365.0
62417   36.97850  104.83830  1718.0
62418   37.11210  103.49510  2729.0
62419   37.14450  102.92180  2744.0
62420   37.23330  103.86510  1850.0
62421   37.27180  104.42780  1516.0
62422   37.35260  103.30790  2244.0
62423   37.41170  103.65480  2142.0
62424   37.45700  102.88700  2104.0
62425   37.51510  102.41440  2666.0
62426   37.71630  103.13950  1664.0
62427   37.69960  103.43400  1738.0
62428   37.81470  101.75770  2788.0
62429   37.74790  102.64670  1844.0
62430   37.91660  102.20650  2068.0
62431   38.01060  101.55930  2935.0
62432   38.09510  101.25230  3000.0
62433   37.99810  102.84040  1501.0
62434   38.00900  102.46730  1675.0
62435   38.25660  101.97920  1952.0
62436   38.29000  101.58950  2308.0
62437   38.27730  101.11820  2691.0
62438   38.31840  102.66320  1447.0
62439   38.32670  103.26020  1453.0
62440   38.48900  102.37640  1450.0
62441   38.53890  101.64840  2117.0
62442   38.55580  100.43160  2241.0
62443   38.55870  100.84480  2042.0
62444   38.55670  102.93170  1378.0
62445   38.63110  101.94510  2058.0
62446   38.60140  99.61530  3682.0
62447   38.63280  101.25450  1928.0
62448   38.83510  102.63600  1346.0
62449   38.79650  99.35400  2926.0
62450   38.81910  103.52690  1326.0
62451   38.80650  100.21620  1702.0
62452   38.97440  102.15650  1336.0
62453   38.89610  100.77400  1729.0
62454   38.98090  102.98880  1384.0
62455   39.11340  99.78760  2702.0
62456   39.15520  103.89400  1356.0
62457   39.09240  98.31260  3619.0
62458   39.09410  100.13480  1515.0
62459   39.10820  99.27210  2470.0
62460   38.98740  102.33760  1423.0
62461   39.23090  98.81910  2751.0
62462   39.20540  103.49970  1308.0
62463   39.27700  97.71470  3726.0
62464   39.34980  99.94070  1352.0
62465   39.36060  99.43200  1453.0
62466   39.37990  100.29850  1434.0
62467   39.46490  99.05090  1488.0
62468   39.54260  98.39430  1955.0
62469   39.61950  99.82040  1443.0
62470   39.59700  99.45840  1347.0
62471   39.63120  98.01200  2077.0
62472   39.69210  98.84760  1374.0
62473   39.73510  99.27370  1332.0
62474   39.90330  98.60270  1406.0
63001   38.05470  100.54010  3165.0
63002   37.95150  100.95760  3447.0
63003   38.45840  99.54290  3322.0
63004   38.38880  99.25930  3628.0
63005   38.29210  99.84370  3062.0
63006   38.73020  99.23950  3700.0
63007   38.91260  98.80510  3899.0
63008   38.82610  98.41470  3401.0
63009   37.73950  100.54680  3479.0
63010   37.68280  100.86880  3534.0
63011   37.34620  101.80320  2810.0
63012   37.19850  102.18420  2697.0
63013   37.62410  101.19770  3132.0
63014   37.41760  100.53240  3611.0
63015   37.29720  100.21160  3276.0
63016   37.61790  99.98690  3596.0
63017   37.25470  99.80260  3300.0
63018   37.43410  99.48810  3695.0
63019   37.99340  100.13890  3815.0
63020   38.04730  99.63320  3779.0
63021   36.91990  100.92210  3091.0
63022   37.10460  100.62060  3335.0
63023   36.42930  101.00230  3347.0
63024   36.39520  100.58040  3281.0
63025   36.72720  99.75220  3263.0
63026   37.10560  99.42050  3378.0
63027   36.60090  100.81370  3333.0
63028   36.58800  100.28720  3333.0
63029   36.13970  100.92400  2717.0
63030   35.90310  101.50870  2510.0
63031   36.07690  101.54030  2425.0
63032   36.23150  101.24010  3194.0
63033   35.99780  101.23350  3391.0
63034   37.51830  99.13280  3605.0
63035   37.74790  99.41240  3796.0
63036   37.67690  98.63370  3661.0
63037   37.92140  98.82710  3895.0
63038   38.16760  99.15730  4156.0
63039   37.99670  98.35950  3885.0
63040   38.38640  98.28310  3946.0
63041   38.41650  98.72950  3976.0
63042   38.70260  98.02970  3721.0
63043   38.83680  97.72370  3456.0
63044   39.00980  97.18110  3323.0
63045   37.11290  101.33490  2913.0
63046   37.33250  101.02710  3496.0
63047   36.82610  102.52630  2446.0
63048   36.58270  102.09500  2306.0
63049   36.22730  102.51150  2640.0
63050   36.04700  102.83310  2377.0
63051   35.60240  102.71000  3104.0
63052   35.74320  102.31630  2640.0
63053   35.90900  102.10320  3018.0
63054   36.26590  101.71430  3122.0
63055   35.44940  102.42380  3244.0
63056   35.19900  102.25370  3270.0
63057   35.76720  101.86880  3320.0
63058   35.20260  101.78450  3494.0
63059   34.73620  101.61910  3540.0
63060   34.48510  102.13730  3308.0
64001   35.53370  106.07120  2090.0
64002   35.67980  106.39310  1854.0
64003   35.74900  106.08450  2097.0
64004   35.69540  105.79790  1744.0
64005   35.84760  106.60260  1510.0
64006   35.85700  105.50980  1907.0
64007   35.88490  105.84080  1863.0
64008   35.96240  106.42260  1720.0
64009   36.07500  105.50710  2042.0
64010   36.18150  106.21270  1572.0
64011   36.13740  106.51040  1754.0
64012   36.79640  105.98950  1437.0
64013   36.28050  105.98150  1707.0
64014   36.03360  106.71070  1719.0
64015   36.25550  105.61430  2153.0
64016   36.52250  105.94650  1847.0
64017   36.59950  106.33010  1535.0
64018   36.80280  105.58680  1629.0
64019   36.99200  105.94200  1372.0
64020   36.83840  106.35010  1581.0
64021   37.08400  105.54600  1553.0
64022   37.04260  106.58090  1684.0
64023   37.18990  105.98220  1726.0
64024   37.25680  105.57540  1472.0
64025   37.03660  106.24620  1663.0
64026   37.32860  106.66600  1397.0
64027   37.43990  104.92940  1359.0
64028   36.91380  105.21390  1724.0
64029   37.18690  107.00590  1649.0
64030   37.66150  105.81760  1224.0
64031   37.55730  106.44220  1370.0
64032   37.65790  106.71890  1317.0
64033   37.45300  106.99120  1555.0
64034   37.85420  106.40610  1225.0
64035   37.54630  105.59580  1198.0
64036   37.87140  106.06320  1148.0
64037   37.89800  106.77240  1412.0
64038   38.00580  107.17700  1531.0
64039   38.10730  105.92950  1163.0
64040   38.12680  106.33760  1116.0
64041   37.20950  104.86840  1577.0
64042   38.31010  105.97900  1156.0
64043   37.76930  107.08490  1494.0
64044   38.55420  106.24790  1108.0
64045   37.41300  106.01360  1299.0
64046   38.74910  106.15980  1124.0
64047   38.37380  106.33020  1113.0
64048   38.38920  106.58200  1231.0
64049   38.84240  106.37340  1096.0
64050   38.62940  106.52140  1102.0
64051   39.02960  106.87710  1094.0
64052   39.04310  106.10020  1985.0
64053   38.80770  106.69690  1099.0
64054   39.08240  106.48130  1146.0
64055   39.24710  106.33790  1452.0
64056   38.13800  106.69700  1388.0
 WT01   42.34410  100.18600   924.0
 WT02   42.37900  98.64460  1037.0
 WT03   42.35700  99.27460   889.0
 WT04   42.32660  101.04920   896.0
 WT05   42.32910  101.83980  1016.0
 WT06   41.92220  99.32260  1088.0
 WT07   41.92920  100.04800   955.0
 WT08   41.90700  100.92690   942.0
 WT09   41.99350  98.60890  1473.0
 WT10   41.92840  103.01260  1144.0
 WT11   41.89790  101.74550   901.0
 WT12   40.10220  103.02630  1564.0
 WT13   42.01090  98.11920  1504.0
 WT14   41.67790  102.76050  1036.0
 WT15   41.64440  98.65850  1274.0
 WT16   41.57090  99.21790  1203.0
 WT17   41.55640  100.04380  1002.0
 WT18   39.61650  102.74140  1567.0
 WT19   41.62370  97.99650  1350.0
 WT20   41.49570  100.97920   974.0
 WT21   41.47540  101.45420   928.0
 WT22   41.37040  102.46550   932.0
 WT23   41.24740  98.16540  1323.0
 WT24   41.22190  98.60070  1341.0
 WT25   41.26740  97.37200  1711.0
 WT26   40.99750  101.53730  1032.0
 WT27   41.15450  99.29420  1397.0
 WT28   41.18500  100.05870  1064.0
 WT29   41.28110  97.51110  1633.0
 WT30   39.45900  101.73610  1388.0
 WT31   40.99500  100.96100  1010.0
 WT32   40.71870  102.82830  1482.0
 WT33   39.54080  102.36730  1247.0
 WT34   40.76590  99.87460  1101.0
 WT35   40.83090  98.15590  1486.0
 WT36   40.85960  99.17260  1629.0
 WT37   39.30290  102.94900  1338.0
 WT38   40.88650  97.74120  1522.0
 WT39   39.17190  101.44020  1472.0
 WT40   40.56040  97.38480  1404.0
 WT41   40.84680  98.59460  1498.0
 WT42   40.82010  97.35430  1644.0
 WT43   38.79990  101.58100  1908.0
 WT44   40.58170  98.18870  1465.0
 WT45   40.61220  101.46760  1074.0
 WT46   40.54100  99.45630  1353.0
 WT47   39.56440  101.17190  1459.0
 WT48   40.66710  96.71350  1470.0
 WT49   40.54980  100.93430  1032.0
 WT50   40.57330  98.67690  1612.0
 WT51   40.10940  99.95150  1327.0
 WT52   39.72120  98.02970  1925.0
 WT53   40.49260  97.76960  1233.0
 WT54   40.52260  99.01980  1556.0
 WT55   40.46490  103.01010  1326.0
 WT56   39.22410  100.86460  1770.0
 WT57   40.41180  96.97740  1425.0
 WT58   40.40880  97.67130  1240.0
 WT59   39.23940  102.61500  1354.0
 WT60   40.22840  99.40080  1189.0
 WT61   40.30210  98.66230  1243.0
 WT62   40.05870  98.16280  1354.0
 WT63   39.93930  100.48690  1386.0
 WT64   40.35730  98.20990  1214.0
 WT65   39.25290  102.14940  1733.0
 WT66   40.31200  97.31870  1401.0
 WT67   39.97330  96.61870  2423.0
 WT68   39.50380  100.48270  1569.0
 WT69   40.26600  99.06410  1208.0
 WT70   39.87380  100.09640  1356.0
 WT71   39.71690  100.83460  1400.0
 WT72   40.04550  97.74350  1552.0
 WT73   39.90680  98.93570  1402.0
 WT74   39.92610  97.32320  1841.0
 WT75   39.71700  96.98770  2430.0
 WT76   39.74650  97.74510  2330.0
 WT77   39.64850  97.28090  3161.0
 WT78   39.52370  97.72760  3313.0
 WT79   40.97900  96.81680  1812.0
 WT80   39.83760  96.48700  2474.0
