YKAB0 62.6059 -114.606 0.0
YKAB1 62.4023 -114.6063 0.0
YKAB2 62.4247 -114.6064 0.0
YKAB3 62.4485 -114.6061 0.0
YKAB4 62.4709 -114.6057 0.0
YKAB6 62.5164 -114.6057 0.0
YKAB7 62.5389 -114.6061 0.0
YKAB8 62.5614 -114.6054 0.0
YKAB9 62.5829 -114.6047 0.0
YKAR1 62.4928 -114.9445 0.0
YKAR2 62.4928 -114.8959 0.0
YKAR3 62.4929 -114.8477 0.0
YKAR4 62.4927 -114.7998 0.0
YKAR5 62.4931 -114.7504 0.0
YKAR6 62.4932 -114.7019 0.0
YKAR7 62.4932 -114.6544 0.0
YKAR8 62.4931 -114.6061 0.0
YKAR9 62.493 -114.5564 0.0
YKAW1 62.4822 -114.4842 0.0
YKAW3 62.5616 -114.6099 0.0
YKB0 62.6059 -114.606 0.0
YKB1 62.4023 -114.6063 0.0
YKB2 62.4247 -114.6063 0.0
YKB3 62.4485 -114.6061 0.0
YKB4 62.4709 -114.6058 0.0
YKB6 62.5164 -114.6057 0.0
YKB7 62.5389 -114.6061 0.0
YKB8 62.5615 -114.6055 0.0
YKB9 62.583 -114.6039 0.0
YKR1 62.4928 -114.9445 0.0
YKR2 62.4928 -114.8959 0.0
YKR3 62.4929 -114.8476 0.0
YKR4 62.4927 -114.7998 0.0
YKR5 62.4932 -114.7504 0.0
YKR6 62.4932 -114.702 0.0
YKR7 62.4932 -114.6544 0.0
YKR8 62.4931 -114.6062 0.0
YKR9 62.493 -114.5565 0.0
YKW1 62.4822 -114.4843 0.0
YKW2 62.4337 -114.6038 0.0
YKW3 62.5616 -114.6099 0.0
YKW4 62.4925 -114.7432 0.0
YKW5 62.4822 -114.4843 0.0
YKA 62.493198 -114.605301 0.0
