n.agwh	43.0842	140.8199	-77
n.mrrh	42.4116	141.0017	-164
n.ccnh	42.9500	140.8223	138
n.kyoh	42.9758	140.6220	-181
n.rnkh	42.8309	140.4831	-93
n.mkrh	42.7630	140.8084	127
n.kmbh	42.7680	140.9766	184
n.kmnh	42.6104	140.4841	38
n.turh	42.6415	140.6650	110
n.ohth	42.6476	141.0643	148
n.smmh	42.7797	140.1557	-69
n.kaih	41.8374	140.6331	-352
n.sruh	41.5977	140.4207	-147
n.khyh	42.4851	139.9679	53
n.kumh	42.1344	140.0040	-32
n.asbh	41.9856	140.3087	-18
n.wnwh	45.2531	141.6334	-131
n.wneh	45.2303	141.8806	-175
n.sfnh	45.3346	142.1185	-82
n.sfsh	45.2163	142.2254	-97
n.hnbh	45.0167	142.0795	-72
n.tsoh	44.8948	141.9251	-99
n.ebth	44.6359	141.8187	-191
n.bfnh	44.5973	142.3036	-52
n.bfwh	44.4732	142.2725	-2
n.bfeh	44.5509	142.5736	170
n.nyrh	44.4376	142.4056	-18
n.swwh	44.2921	142.6303	-142
n.sweh	44.3207	142.7656	98
n.honh	44.2803	142.1594	159
n.hoch	44.1160	142.1414	99
n.hosh	43.9994	142.1258	54
n.oreh	44.0974	141.9621	0
n.orwh	44.0254	141.7876	-86
n.numh	43.8203	141.9397	-6
n.fgnh	43.8243	142.1594	97
n.fgsh	43.6948	142.0776	-68
n.oumh	44.5276	142.8444	3
n.opeh	44.3843	143.2407	-72
n.opwh	44.4234	143.0264	-77
n.tunh	44.1920	143.0767	-68
n.tush	44.1146	143.0111	147
n.stkh	43.8494	143.0861	570
n.ybnh	44.2146	143.6202	-95
n.srmh	44.0813	143.9455	-297
n.rbsh	43.7419	143.4514	214
n.okeh	43.6352	143.5100	190
n.bhrh	43.7228	144.1837	-18
n.mmbh	43.9144	144.1923	-84
n.kmzh	43.8566	144.4574	-96
n.synh	44.0640	144.9935	-42
n.sysh	43.9271	144.8075	-119
n.stnh	43.7851	145.0246	-32
n.stsh	43.6772	144.9618	61
n.nsth	43.5508	144.9665	-199
n.bkwh	43.3900	144.8021	-129
n.bkeh	43.3978	145.1224	-187
n.annh	43.4361	144.0844	323
n.ansh	43.1141	144.1229	-76
n.scnh	43.3848	144.6279	-25
n.scsh	43.2139	144.6804	-213
n.trwh	43.2556	144.2338	-217
n.treh	43.2200	144.4285	-208
n.trsh	43.1358	144.3275	-188
n.snnh	43.1603	143.8936	73
n.snsh	42.9856	143.9841	-74
n.rkbh	43.4683	143.6830	128
n.ayeh	43.3822	143.8983	224
n.aywh	43.2708	143.4317	-2
n.hbth	43.1213	143.6186	-36
n.sksh	43.1739	142.9176	47
n.mmrh	42.8920	143.0603	-131
n.tyrh	42.8114	143.5203	-92
n.tkih	42.4865	143.1520	259
n.frnh	43.3697	142.3409	94
n.smph	43.0406	142.6562	467
n.msah	43.2300	141.8978	-126
n.tobh	43.4087	141.5836	-121
n.ssth	43.2204	141.6523	-119
n.brwh	42.7031	142.2296	-18
n.breh	42.7061	142.4054	120
n.mbeh	42.5934	142.3521	54
n.kymh	43.0587	141.8063	-94
n.sugh	43.5138	141.9090	-93
n.yubh	42.9930	142.0085	-6
n.ncph	42.5977	142.5446	203
n.sznh	42.3498	142.3572	-107
n.soih	42.5629	141.3497	-159
n.ctsh	42.8880	141.6399	-244
n.amah	42.6486	141.8641	-145
n.oiwh	42.8739	141.8191	-42
n.hobh	42.8714	142.1285	71
n.mbwh	42.5126	142.0381	-212
n.beeh	43.5038	142.6006	242
n.bewh	43.5113	142.3906	144
n.nfrh	43.3841	142.5245	238
n.htbh	45.1001	142.4307	-145
n.onph	44.7745	142.2542	-37
n.unsh	44.7433	142.6039	-29
n.unnh	44.8570	142.4868	-82
n.ntbh	44.9387	142.2247	-62
n.nawh	44.6617	142.0528	-41
n.tyth	45.1019	141.7831	-122
n.wnnh	45.4883	141.8850	-159
n.wsmh	43.9754	142.2834	89
n.hnkh	43.2084	145.1168	-226
n.shzh	42.8742	142.8830	318
n.sknh	43.3337	142.9448	264
n.kkah	43.8546	142.7656	191
n.samh	42.1330	142.9164	-63
n.fbrh	43.2341	140.6228	-73
n.tomh	43.0533	140.5014	-76
n.tk2h	34.8806	136.8316	-998
n.ki2h	36.8809	140.6545	293
n.ssah	35.7215	140.5046	-147
n.otnh	36.8089	137.9039	538
n.khth	36.6705	137.4240	238
n.oomh	41.5273	140.9127	-92
n.saih	41.4049	140.8567	-172
n.kuch	41.2340	140.9896	-82
n.fkuh	40.7451	140.0233	-75
n.ajsh	40.7618	140.3121	-112
n.krih	40.6091	140.6646	-5
n.ikih	40.6200	140.3497	-4
n.nyah	40.5488	140.2726	56
n.ownh	40.4841	140.5565	28
n.aomh	40.8524	140.6759	-299
n.hkkh	36.6440	137.8594	698
n.osth	36.6317	137.9656	493
n.omyh	36.4680	137.8691	638
n.chhh	36.4022	138.0208	623
n.iidh	35.4489	138.0058	1063
n.hymh	35.2624	139.6110	0
n.nhjh	40.8564	141.1033	-269
n.rksh	40.9664	141.3738	-97
n.tweh	40.5846	141.1547	-17
n.twwh	40.5800	140.9950	138
n.shgh	40.4624	141.0923	163
n.ttkh	40.2962	141.0145	133
n.nwah	40.4492	141.3374	-51
n.hheh	40.5794	141.4451	-142
n.fsth	40.3188	140.2341	-76
n.msrh	38.6993	141.4176	-12
n.kmsh	35.0882	140.0997	-280
n.ac2h	35.4786	137.7346	703
n.tsrh	40.2755	140.4596	-58
n.odth	40.3002	140.5812	-16
n.kosh	40.4563	140.8395	299
n.kznh	40.0622	140.8084	210
n.anih	39.9819	140.4072	44
n.ogah	39.9554	139.7623	-295
n.gjoh	39.9155	140.2221	-11
n.kwah	39.6884	140.4075	64
n.nsnh	39.8147	140.5790	217
n.nssh	39.6634	140.5721	-6
n.nsbh	39.5450	140.3481	-135
n.nseh	39.5575	140.6116	-83
n.yjmh	39.2223	140.1283	41
n.chkh	39.0718	140.3185	74
n.omrh	39.3548	140.3869	-36
n.yuzh	39.1913	140.4710	-107
n.hnrh	39.1740	140.7129	178
n.ogch	38.9801	140.4952	183
n.krmh	40.2705	141.5709	138
n.nhwh	40.2611	141.1709	124
n.nheh	40.2383	141.3423	28
n.iheh	40.0811	141.1915	328
n.kheh	40.1533	141.4245	264
n.kjnh	40.2686	141.7831	74
n.kjsh	40.0861	141.7120	139
n.asrh	40.1391	140.9529	207
n.kzmh	39.9398	141.5492	469
n.tmyh	39.8250	141.3826	571
n.szkh	39.6436	140.9465	60
n.iwzh	39.8020	141.6520	209
n.troh	39.7435	141.9087	98
n.kanh	39.6442	141.5977	201
n.kash	39.4630	141.6775	451
n.ymdh	39.4734	141.9336	-88
n.yhbh	39.6148	141.0929	71
n.hmnh	39.4559	141.0001	119
n.hmsh	39.3434	141.0473	-52
n.touh	39.3340	141.3015	159
n.kmih	39.2741	141.8233	-61
n.smth	39.1809	141.3909	513
n.kgsh	39.1979	141.0118	48
n.rzth	39.0307	141.5320	-22
n.iceh	38.9690	141.0013	16
n.fswh	38.8654	141.3512	18
n.ywth	38.9701	140.0333	7
n.tckh	38.6357	140.0055	116
n.tzwh	38.7498	140.1780	-137
n.asah	38.4704	139.7606	160
n.fgth	38.7107	140.3744	-99
n.mgmh	38.7132	140.5546	145
n.nkwh	38.3860	139.9916	360
n.nkeh	38.4257	140.1249	203
n.tdoh	38.3841	140.3805	-95
n.ygth	38.2690	140.2577	-21
n.kmyh	38.0813	140.2978	214
n.nyoh	38.1035	140.1553	163
n.thth	37.9633	140.1836	87
n.ynzh	37.8960	140.0278	151
n.onih	37.9881	139.8016	172
n.kkwh	38.9207	141.6377	-38
n.towh	38.7860	141.3254	-66
n.nrkh	38.8587	140.6513	141
n.ondh	38.5793	140.7804	-279
n.tajh	38.5907	141.0710	-81
n.iwnh	38.1133	140.8441	-91
n.kwsh	38.1802	140.6405	43
n.sish	38.0091	140.6027	29
n.ymmh	37.9411	140.8924	-188
n.atkh	37.7317	139.8821	229
n.nazh	37.7565	139.7150	337
n.tsth	37.6078	139.7533	97
n.atdh	37.4508	139.8126	9
n.inwh	37.6461	140.1735	656
n.tdmh	37.3421	139.3147	175
n.inah	37.1723	139.5199	471
n.hmth	37.0103	139.3755	773
n.smgh	37.2544	139.8725	390
n.fksh	37.7643	140.3766	-166
n.kmah	37.6636	140.5974	104
n.mruh	37.4894	140.5380	309
n.kryh	37.3530	140.4264	59
n.nnmh	37.2822	140.2144	237
n.ybkh	37.2006	140.3386	169
n.htah	37.2169	140.5703	364
n.nguh	37.1616	140.0930	364
n.nmeh	37.4911	140.9871	-98
n.mkjh	37.4703	140.7227	408
n.iwwh	36.9951	140.5853	474
n.iweh	37.0264	140.9702	-145
n.kakh	38.5158	141.3421	-202
n.hykh	35.4327	138.3325	233
n.iw2h	39.0095	140.8640	115
n.kg3h	34.8769	138.0175	81
n.ht2h	35.0417	139.1685	-92
n.rifh	38.3400	140.9551	-1004
n.hqsh	35.7974	138.2982	724
n.hqnh	35.8501	138.2644	1102
n.atmh	34.6158	137.0419	-295
n.ashh	35.2194	137.4039	420
n.nukh	34.9189	137.2993	-10
n.tyhh	34.6643	137.3902	-302
n.houh	35.0002	137.6243	60
n.hazh	34.7884	137.1057	-392
n.anjh	34.9319	137.0568	-1045
n.kgih	35.3059	137.0570	62
n.yokh	34.9849	136.4563	150
n.oymh	34.7662	136.2835	80
n.ursh	34.5470	136.3692	179
n.wath	34.3532	136.5866	-21
n.neoh	35.6325	136.6134	67
n.nrsh	35.7604	138.3874	534
n.ymth	35.8323	136.9621	413
n.ksgh	35.4179	136.4347	308
n.tkth	35.5038	136.7939	-174
n.sykh	36.0654	136.9479	738
n.frkh	36.2448	137.1983	470
n.insh	34.8343	137.6616	-282
n.arih	34.6913	137.5604	-445
n.fkrh	34.7948	137.9034	-429
n.skuh	35.6033	136.4134	152
n.iwsh	36.3701	140.1401	-38
n.tyoh	36.1188	140.5621	-1160
n.isgh	36.1112	139.9889	-739
n.kywh	36.8817	139.4534	983
n.kyeh	36.8828	139.6459	497
n.iich	36.7084	139.7694	88
n.yith	36.8625	139.8364	459
n.otwh	36.8578	140.0225	69
n.btoh	36.7342	140.1781	-7
n.ujeh	36.6959	139.9842	40
n.eihh	36.0955	136.3617	-36
n.otah	35.9483	136.0556	18
n.izuh	35.9415	136.6990	309
n.mikh	35.5587	135.8694	-199
n.trgh	35.6390	136.0303	-114
n.tkhh	35.4907	135.4841	59
n.obmh	35.4573	135.7266	-63
n.suzh	37.5266	137.2844	-154
n.ygdh	37.3644	137.0413	17
n.ucuh	37.3458	137.2436	-189
n.tgih	37.1902	136.7176	-62
n.amzh	37.2224	136.9689	-51
n.shkh	37.0533	136.8206	-182
n.knzh	36.5150	136.6357	-701
n.tbth	36.7380	136.7906	17
n.tbyh	36.2441	139.5443	-1180
n.okch	36.2667	136.7168	453
n.himh	36.8866	136.9276	-172
n.dmoh	36.7142	137.0378	-209
n.toyh	36.7294	137.2627	-569
n.uozh	36.7914	137.4689	52
n.imih	36.5736	136.9584	-55
n.ytoh	36.5711	137.1595	-92
n.togh	36.4406	137.0392	568
n.nknh	36.7431	138.3759	179
n.msth	36.2541	137.8591	417
n.tksh	36.2859	138.2491	504
n.ksoh	35.9632	137.7669	855
n.fmih	35.9157	138.3052	1031
n.mmkh	35.9696	138.4797	1113
n.tkgh	35.5143	137.8767	298
n.ngrh	35.9118	139.1485	237
n.hryh	35.3095	137.6261	858
n.jhkh	36.4390	140.3559	-57
n.hmah	35.2768	136.7002	-1495
n.umyh	36.5595	139.8637	-177
n.awnh	36.5509	139.6154	78
n.hgah	36.5480	140.0751	-8
n.tumh	36.4917	138.5244	888
n.tayh	36.6213	138.9069	343
n.tneh	36.6998	139.2104	444
n.smnh	36.2356	138.7291	238
n.tmoh	36.2862	138.9210	-51
n.kizh	36.1509	139.0504	48
n.kwth	36.1131	139.2894	-122
n.ahih	38.2799	139.5486	-72
n.arkh	38.1326	139.4292	-217
n.skwh	38.1312	139.5426	-24
n.sroh	37.9759	139.2788	-142
n.twah	37.6708	139.4648	-234
n.kmkh	37.5438	139.3648	116
n.kmoh	37.6527	139.0676	-72
n.mrmh	37.6658	139.2610	-33
n.stdh	37.5386	139.1279	-9
n.ngoh	37.4272	138.8876	-17
n.ynth	37.2239	138.9821	0
n.kwnh	37.1728	138.7440	-40
n.muih	37.0533	138.9951	258
n.szwh	37.0303	138.8521	-202
n.yzwh	36.8114	138.7849	885
n.makh	37.0544	138.3966	130
n.mkoh	36.9425	138.2594	130
n.igwh	36.9378	137.8480	49
n.gnoh	34.8224	136.4245	-123
n.mash	34.5424	136.5033	-116
n.smah	34.2544	136.8216	-198
n.mgwh	34.3580	136.3293	28
n.owsh	34.0637	136.1689	-16
n.khoh	33.7644	135.9969	-11
n.ttnh	36.0088	137.9305	718
n.chnh	35.9465	138.1848	621
n.kokh	36.3779	137.3716	808
n.yoth	35.4865	137.2464	461
n.kysh	35.2177	136.8509	-734
n.mkgh	36.8568	138.0967	1153
n.kyth	35.0094	135.7304	-674
n.oskh	34.7159	135.5199	-1002
n.kmmh	34.8983	135.7461	-791
n.mish	33.3719	132.1157	-214
n.uumh	34.4572	134.3241	-415
n.ikwh	33.9997	133.8933	446
n.gsih	33.5294	133.8192	-132
n.mtyh	33.7543	133.5760	96
n.mroh	35.4697	134.5953	123
n.kwhh	35.3946	134.1988	-72
n.skgh	35.3649	133.7486	33
n.ksih	35.5232	133.0226	-84
n.kach	35.3422	132.8989	-55
n.okmh	34.2090	132.4063	-62
n.krhh	34.1161	132.5053	78
n.yshh	34.6629	132.6689	178
n.tguh	34.5716	132.2326	161
n.hish	34.4122	132.3907	-52
n.hhih	34.4572	132.7923	133
n.mkih	34.2700	134.1482	-52
n.ohch	34.2264	134.3043	-71
n.mykh	34.1918	133.0581	-97
n.oozh	33.5807	132.6011	108
n.uwah	33.4270	132.5055	98
n.tokh	33.9902	134.5337	-91
n.knnh	33.6628	134.3156	-104
n.tssh	32.7797	132.9718	-97
n.khuh	33.6748	133.8243	88
n.inoh	33.5313	133.4388	-92
n.murh	33.2866	134.1603	-212
n.knhh	34.6628	135.3896	-1993
n.tjrh	34.3977	135.2836	-1495
n.tish	34.5248	135.6608	29
n.ktnh	34.7630	135.7052	40
n.ssmh	33.5559	135.5454	30
n.nkth	33.6072	135.8619	-70
n.otoh	33.6948	135.5953	118
n.ktdh	33.6894	135.4396	-78
n.hrkh	33.9804	135.2122	-40
n.hnzh	34.1373	135.5369	300
n.nkmh	34.1314	135.3244	20
n.nagh	34.3228	135.4483	448
n.wkyh	34.2868	135.0714	-195
n.mhrh	34.2937	134.7941	-40
n.ssyh	35.0708	135.2811	118
n.kamh	35.1006	134.9037	45
n.kkgh	34.8166	134.8080	-83
n.ymsh	35.0322	134.6701	60
n.nkoh	35.0671	134.4234	102
n.hagh	35.2193	134.5237	265
n.kmgh	34.8995	134.3284	-20
n.aioh	34.7934	134.4797	-140
n.tjoh	34.9082	135.0844	40
n.sgrh	34.8530	136.0316	160
n.tagh	35.2383	136.3599	510
n.otuh	35.2482	135.8671	205
n.yzeh	34.6413	136.0512	176
n.hysh	34.4237	136.0294	289
n.tkwh	33.9666	135.6489	680
n.tkeh	33.9692	135.8574	380
n.kawh	34.2925	136.0022	258
n.krth	34.3061	135.8369	287
n.tamh	34.5070	133.8905	-190
n.seth	34.7501	134.0702	-171
n.okyh	34.7783	133.7890	-100
n.mabh	34.6429	133.6861	-51
n.mihh	34.3736	133.0236	-171
n.dwah	34.5482	132.9480	259
n.inmh	33.8252	135.2176	-60
n.hnoh	34.9638	136.2610	120
n.snth	35.2925	134.9071	-20
n.sguh	34.9313	134.5423	-30
n.chzh	35.2604	134.2173	30
n.hinh	35.2313	133.3909	310
n.mzkh	35.3553	133.4918	220
n.aksh	35.4668	133.6307	-94
n.hkth	35.2963	133.2604	69
n.nith	35.2235	133.0856	239
n.sdah	35.2243	132.7223	9
n.ooch	35.0918	132.5308	140
n.hsmh	34.8697	132.6396	65
n.iwah	34.8801	132.4208	200
n.kngh	34.8839	132.2026	60
n.mith	34.6940	132.0402	82
n.hikh	34.5725	132.0122	60
n.mhsh	35.5579	133.3004	-192
n.hirh	35.4259	132.8008	-171
n.ysdh	35.1634	132.8558	279
n.goth	35.0087	132.3069	-1
n.mich	34.3904	131.8925	148
n.tkbh	34.8684	133.8527	220
n.bseh	34.6756	133.5283	285
n.sgoh	35.0493	133.3169	464
n.ttah	34.9103	133.4055	330
n.ybrh	35.1809	133.6765	305
n.ksbh	35.2826	133.9263	295
n.syoh	35.0732	134.1162	-71
n.ohah	35.0999	134.3190	80
n.hnsh	34.7283	134.2744	-101
n.hkbh	34.9363	133.6205	117
n.migh	34.5183	133.1375	-41
n.nmkh	34.3785	133.3493	-175
n.knbh	34.5566	133.4179	-180
n.ktwh	34.9137	132.9123	239
n.kurh	34.2883	132.6411	128
n.skih	34.3935	132.1611	250
n.ksah	34.7016	132.9524	234
n.geih	34.7471	132.3794	612
n.hwsh	33.7751	134.4994	54
n.sadh	34.0112	134.0918	89
n.kydh	33.8778	134.1295	449
n.aykh	34.2186	133.9493	-29
n.mnoh	34.1980	133.7081	-196
n.tsmh	33.0556	132.5552	274
n.sjoh	33.8650	133.1840	-36
n.sinh	33.9154	133.6497	204
n.tbrh	33.9023	133.0658	-186
n.tbeh	33.7112	132.8032	5
n.hiyh	33.3348	132.7980	29
n.kwbh	33.5022	132.7480	89
n.ktgh	33.5421	134.1197	29
n.ghkh	33.7079	133.3641	489
n.tsyh	33.2683	132.9891	169
n.ooth	32.8414	132.7066	-46
n.ikkh	33.6472	133.1444	160
n.nakh	33.0754	132.9524	-69
n.kmeh	35.0469	135.4846	73
n.trih	34.5843	135.8541	28
n.ndgh	35.5243	135.1243	-141
n.ineh	35.7101	135.2496	-173
n.fkch	35.3130	135.1334	-261
n.mymh	35.2685	135.5508	89
n.yndh	33.5388	133.0016	354
n.ksmh	35.6208	134.6566	129
n.izsh	35.4574	134.8621	-87
n.iamh	35.5729	134.3426	-138
n.jnsh	34.8225	133.1674	489
n.hrsh	34.5810	132.4295	209
n.ikth	33.4719	132.3072	-146
n.sskh	33.3920	133.2866	-100
n.amnh	35.6814	135.0268	-147
n.atyh	36.3036	137.9390	493
n.aakh	36.3726	137.9203	483
n.mwdh	36.2118	137.9140	562
n.wmzh	37.2906	136.7578	-42
n.hofh	34.0494	131.5618	-165
n.mneh	34.1111	131.1434	-130
n.iknh	34.1891	132.1260	-115
n.syth	34.0270	132.0626	73
n.mkwh	34.1974	131.9943	-135
n.tkjh	34.2091	131.6859	-80
n.ubeh	33.9893	131.3012	-120
n.kikh	34.1149	131.0506	-170
n.tyuh	34.1349	130.9323	-156
n.tmgh	34.6257	131.6681	-90
n.mtmh	34.4837	131.6329	165
n.mtoh	34.2176	131.3597	47
n.ngth	34.3408	131.1770	-159
n.kkyh	33.8853	130.9795	-188
n.wkmh	33.6963	130.5963	-26
n.umih	33.5608	130.5499	85
n.kahh	33.5512	130.7451	-40
n.sgwh	33.5293	130.9503	270
n.bznh	33.5925	131.1348	-269
n.tarh	33.3674	130.6355	-423
n.kiwh	33.4654	130.8285	379
n.czeh	33.5080	129.8877	-84
n.imrh	33.2656	129.8798	-73
n.fjih	33.4098	130.2329	271
n.hsfh	33.3652	130.4049	-146
n.srih	33.1805	130.1048	-192
n.hrdh	33.2116	129.4353	-178
n.sbnh	33.2122	129.7652	27
n.sbsh	33.1256	129.8102	-191
n.kkih	32.9553	129.8026	-98
n.tkkh	32.9103	130.1408	-172
n.ngsh	32.6999	129.8625	-46
n.khkh	33.1089	130.6949	-26
n.ognh	33.1220	131.0629	306
n.kkch	32.9982	130.8300	-21
n.asvh	32.9514	131.0199	347
n.nmnh	32.9553	131.2207	592
n.hksh	32.8114	131.1010	380
n.msmh	32.6234	130.5584	-279
n.yabh	32.6501	131.0251	346
n.izmh	32.4901	130.9046	419
n.snwh	32.3152	130.1811	-141
n.askh	32.2918	130.5777	-201
n.hyoh	32.2052	130.7370	-19
n.uweh	32.2209	130.9096	-3
n.ygnh	33.4122	131.0326	51
n.ymgh	33.4581	131.4429	67
n.akih	33.4732	131.6859	-363
n.snih	33.1306	131.3473	273
n.nthh	33.1525	131.5420	62
n.takh	32.9726	131.3984	159
n.mieh	32.9870	131.5881	61
n.umwh	32.8392	131.5357	161
n.umeh	32.8486	131.6786	92
n.sikh	32.9278	131.8695	-18
n.gksh	32.6536	131.2257	501
n.kigh	32.6972	131.6829	-192
n.sbah	32.4754	131.1043	317
n.mrth	32.5181	131.3349	148
n.nanh	32.3470	131.2668	251
n.tgoh	32.3607	131.4643	-2
n.nrah	32.1987	131.1946	134
n.kwmh	32.2131	131.5307	-148
n.sukh	32.0421	131.0618	234
n.ktmh	32.0218	131.2900	-21
n.sdwh	32.0208	131.4700	-202
n.mjnh	31.8643	130.9454	422
n.mjsh	31.7301	131.0791	34
n.ncnh	31.5649	131.3510	-198
n.nsmh	32.1554	130.1191	-188
n.aknh	31.9940	130.2077	-161
n.myjh	31.9812	130.4438	9
n.senh	31.8374	130.3602	-87
n.kdih	31.8699	130.4958	-35
n.korh	31.6988	130.4594	-73
n.airh	31.7140	130.6149	-297
n.osuh	31.5618	130.9969	-54
n.crnh	31.3741	130.4333	18
n.ykwh	31.2066	130.6183	-123
n.sath	31.0899	130.6990	-114
n.genh	33.8501	130.5432	-177
n.ucnh	31.2583	131.0877	114
n.tynh	32.6344	130.7521	-41
n.mmth	32.1704	130.3647	-96
n.hygh	32.3654	131.5893	-28
n.hgih	34.3979	131.3774	-97
n.tkuh	33.9725	131.8149	-12
n.knsh	33.8260	132.1040	-43
n.tohh	33.9291	132.4046	-97
n.ukhh	33.2891	130.8170	-12
n.kkeh	33.2844	131.2118	298
n.msih	32.7967	130.8199	-199
n.tmnh	32.9873	130.5608	-47
n.nobh	32.5060	131.6958	-100
n.kyah	31.4005	130.8541	-63
n.mazh	36.1868	137.8030	760
n.ahmh	36.3137	137.8072	982
n.mnyh	36.1987	138.0122	830
n.manh	36.3127	138.0167	800
n.snbh	36.5533	137.9415	705
n.hsnh	35.5943	140.5107	-1640
n.ysth	36.2558	140.2028	-78
n.asoh	36.6343	139.4614	750
n.chsh	35.7056	140.8517	-44
n.ktuh	35.1803	140.2656	-12
n.iwkh	35.1015	139.8679	-5
n.khzh	34.1993	139.1353	60
n.mkeh	34.1092	139.5060	75
n.hcjh	33.0771	139.8396	40
n.akwh	35.5232	139.3149	-8
n.ymkh	35.4904	139.0594	564
n.krkh	35.4443	139.1157	515
n.mnzh	35.1458	139.1500	-150
n.asgh	35.3168	139.0247	386
n.hrth	35.3203	139.3088	-14
n.asyh	35.6386	138.3703	810
n.enzh	35.7392	138.8019	801
n.smbh	35.4189	138.4803	201
n.tr2h	35.5153	138.8838	151
n.gerh	35.7306	137.3021	620
n.kshh	35.2608	137.4058	343
n.nryh	35.0632	138.9597	-90
n.itoh	34.9521	139.1379	-82
n.jizh	34.9161	138.9936	255
n.hd2h	34.9678	138.8021	-35
n.hdah	34.9679	138.8017	-46
n.smdh	34.7409	138.9312	-18
n.ssnh	35.2655	138.8069	900
n.nmzh	35.1609	138.8431	109
n.sizh	35.1147	138.3267	77
n.okbh	34.9533	138.2506	-31
n.kmth	35.0331	138.2146	42
n.htnh	35.3029	138.2076	840
n.sumh	35.1724	138.1236	320
n.hkwh	35.0966	138.1351	339
n.hmoh	34.6342	138.1561	-63
n.ohsh	34.6859	138.0124	-65
n.mrih	34.8601	137.9424	-142
n.mskh	35.1981	137.9359	770
n.tnrh	34.9110	137.8821	85
n.mkbh	34.8050	137.5109	-39
n.toeh	35.0814	137.7208	250
n.abnh	34.6325	137.2313	40
n.kf2h	35.7421	138.5653	337
n.ssgh	36.0233	138.1400	811
n.suyh	35.9772	138.0636	965
n.tonh	36.0467	137.9917	889
n.tbsh	35.9814	140.1050	-929
n.mdrh	36.4931	139.3219	158
n.atgh	35.4040	139.3539	-1788
n.cbah	35.5458	140.2417	-1935
n.ckrh	34.9707	139.9459	-698
n.edsh	35.9509	140.3302	-1200
n.fchh	35.6539	139.4704	-2707
n.futh	35.3445	139.8554	-1997
n.hdkh	35.8990	139.3843	-1749
n.hhrh	35.7385	139.0732	605
n.hrmh	35.5541	139.6762	-536
n.hrnh	36.4632	138.8531	980
n.ichh	35.4042	140.1736	-146
n.issh	36.3143	139.1847	-1943
n.iwth	35.9290	139.7349	-3502
n.kgnh	35.7550	137.9688	630
n.koth	35.6114	139.8125	-2994
n.mokh	36.4458	139.9509	-1578
n.morh	35.9451	140.0015	1
n.moth	36.5566	140.2134	140
n.njmh	34.4236	139.2828	20
n.nmth	36.3654	140.5805	-74
n.nrth	35.8307	140.2980	-1288
n.nshh	35.6895	138.7340	-831
n.odwh	35.2524	139.1042	192
n.ohrh	36.3599	139.6877	105
n.omch	36.4946	137.7239	1070
n.sdmh	35.8675	138.5739	1270
n.shmh	35.7966	140.0206	-2277
n.sswh	36.1088	138.1297	987
n.st1h	34.5956	139.9183	-2197
n.st2h	34.7396	139.8393	-2339
n.st3h	34.7983	139.6435	-902
n.st4h	34.8931	139.5711	-933
n.st5h	34.9413	139.4213	-1486
n.st6h	35.0966	139.3778	-1130
n.ha2h	35.8284	140.7323	-918
n.fj2h	36.9853	139.6922	530
n.kkkh	35.5323	138.6045	408
n.myth	36.3308	138.4967	134
n.knah	36.1440	138.9129	827
n.mn2h	36.8620	139.0627	555
n.yksh	35.3583	139.0910	-1845
n.kt2h	35.1714	140.3398	-813
n.hbah	36.6984	137.8482	95
n.tskh	36.2137	140.0893	-36
n.kmwh	35.1384	139.9649	-1780
n.tkrh	35.8028	139.5353	-1970
n.truh	35.5138	138.9408	568
n.yfth	35.3700	139.6184	-38
n.ykhh	35.4991	139.5195	-1938
n.ymih	36.0509	139.4364	-52
n.yroh	35.2867	140.1529	-1920
n.yskh	35.2110	139.6964	-189
n.dgoh	36.8369	140.3181	8
n.thgh	36.7955	140.5750	404
n.juoh	36.6922	140.5484	228
n.gznh	36.5566	140.3013	-64
n.ymah	36.6405	140.3976	-212
n.ogoh	36.0274	138.9691	193
n.mnah	36.0715	139.0993	41
n.toih	35.9964	139.2191	77
n.hhnh	35.8637	139.2726	52
n.ch2h	35.7342	140.8230	-525
n.ty2h	34.9591	139.7885	-472
n.hojh	35.6701	139.2650	61
n.hh2h	35.7017	139.1275	258
n.fjoh	35.6437	139.1283	218
n.ym2h	35.4173	139.0436	228
n.mtdh	35.3663	139.1260	358
n.kiyh	35.4628	139.2146	243
n.hynh	35.5351	138.3087	586
n.ookh	35.6247	138.9777	263
n.msfh	35.5623	138.4490	146
n.mbuh	35.3509	138.4203	49
n.hmmh	34.6683	137.7441	-1007
n.sonh	35.3070	138.1973	776
n.ms2h	35.2233	137.9181	436
n.kneh	34.9398	138.0767	41
n.tt2h	35.0086	137.8409	220
n.sosh	35.0146	138.3526	-54
n.szuh	35.1304	138.4243	420
n.ithh	34.9467	139.0855	-161
n.fjeh	34.9142	138.2008	-13
n.sbkh	35.2028	138.5659	-226
n.knih	35.0854	138.9779	-101
n.ns2h	34.7988	138.7724	25
n.kwzh	34.7832	138.9700	26
n.mizh	34.6749	138.8340	-50
n.sakh	36.1425	138.5504	758
n.kadh	35.9324	137.5950	1048
n.kwkh	35.9735	138.5845	1073
n.agmh	35.7870	137.7173	793
n.inhh	35.8315	137.9236	588
n.hseh	35.7946	138.0824	718
n.ngih	35.6056	137.6105	326
n.mtkh	35.6152	137.8797	606
n.msnh	35.2986	137.9268	327
n.srwh	36.2743	136.8979	325
n.ktrh	36.2493	137.5174	708
n.tmah	36.1338	137.2208	519
n.asnh	36.0940	137.3438	688
n.tsuh	35.9514	136.8732	508
n.mzeh	35.8991	137.1495	461
n.assh	36.0216	137.3906	808
n.gr2h	35.7991	137.2531	226
n.mnmh	35.6665	136.9618	-32
n.kayh	35.6682	137.1054	333
n.itdh	35.7235	136.7847	248
n.hskh	35.6401	137.3187	222
n.tnmh	35.5214	136.6127	-29
n.kmhh	35.4121	136.8764	-67
n.mkmh	35.4527	137.0040	-117
n.ntgh	35.4571	137.4706	38
n.kidh	35.2953	136.4732	-48
n.ngkh	35.1842	137.0474	-149
n.asuh	35.1392	137.3359	29
n.strh	35.1543	137.5350	553
n.tyeh	35.1840	137.7268	652
n.okzh	34.9635	137.2377	99
n.tdeh	34.9512	137.4114	444
n.ssrh	34.8976	137.4876	-47
n.mcth	34.7401	136.9385	-82
n.thnh	34.7853	137.4393	-171
n.kmdh	36.4663	138.1474	290
n.sssh	36.5770	138.0479	401
n.tgkh	36.7075	138.0964	813
n.nzwh	36.9102	138.4408	458
n.ngwh	36.0640	137.6849	992
n.sojh	36.1184	137.9389	501
n.mmoh	36.2578	137.9898	539
n.iksh	36.4598	137.9637	383
n.om2h	36.5327	137.8201	718
n.hoth	36.3824	137.8201	613
n.kgrh	36.0864	140.3140	-492
n.htkh	36.3631	140.6198	-486
n.tu2h	35.5115	138.9675	758
n.szjh	34.9756	138.9128	45
n.smsh	34.9739	138.4924	-221
